kind n error
           4                     3  9.934107462565104166666666682716083E-0009
           4                     4  3.725290298461914062500000000000000E-0008
           4                     5  3.874301910400390624999999997111105E-0008
           4                     6  6.457169850667317708333333335339510E-0008
           4                     7  2.554484776088169642857142854391529E-0008
           4                     8  3.725290298461914062500000000000000E-0008
           4                     9  1.572900348239474826388888891028811E-0008
           4                    10  3.054738044738769531249999997351846E-0008
           4                    11  2.820137118505052298553719008284359E-0008
           4                    12  4.159907499949137369791666665563269E-0008
           4                    13  2.349798495952899639423076920484325E-0008
           4                    14  1.314495291028703962053571428296296E-0007
           4                    15  3.010034561157226562499999999823457E-0008
           4                    16  4.982575774192810058593750000000000E-0008
           4                    17  2.384185791015624999999999999893791E-0007
           4                    18  2.048909664154052734375000002139922E-0008
           4                    19  1.872448544753225226151315789432505E-0007
           4                    20  1.782551407814025878906249999741203E-0007
           4                    21  5.144448507399786086309523812045860E-0008
           4                    22  3.006401633428148001678719007354222E-0008
           4                    23  3.155158913653829823369565217668680E-0007
           4                    24  7.181531853146023220486111112707693E-0008
           4                    25  8.075237274169921874999999999565703E-0008
           4                    26  1.726528772941002478966346154096154E-0007
           4                    27  6.206773109069740494255829903556177E-0008
           4                    28  8.668902577186117366868622449962210E-0008
           4                    29  3.926969807723472858297413793034961E-0007
           4                    30  1.939634482065836588541666666700772E-0007
           4                    31  4.001682804476830267137096774069295E-0007
           4                    32  2.737506292760372161865234375000000E-0007
           4                    33  8.354536484314609383967516070686327E-0008
           4                    34  2.897154398030475761651167820151777E-0007
           4                    35  8.269612278257097516741071428422685E-0007
           4                    36  4.172325134277343749999999999786008E-0007
           4                    37  6.097394066887932854729729729521521E-0007
           4                    38  2.216908905314606642789127423855683E-0007
           4                    39  4.910219174164992112379807692438865E-0007
           4                    40  4.058703780174255371093749999742708E-0007
           4                    41  4.874224342950960484946646341306346E-0007
           4                    42  4.045044382413228352864583333086860E-0007
           4                    43  5.315902621247047601744186046225398E-0007
           4                    44  1.261595728968785814017303719101900E-0007
           4                    45  4.628466235266791449652777777605915E-0007
           4                    46  2.748810022449673686901878544341696E-0007
           4                    47  1.390444788526981434923537234030260E-0006
           4                    48  9.249585370222727457682291666452883E-0007
           4                    49  6.071012971402207596606882548977172E-0008
           4                    50  1.902803778648376464843750000064639E-0007
           4                    51  9.660189058266434015012254902187954E-0007
           4                    52  3.572944661922003390520987426029627E-0007
           4                    53  1.796056745569236595123932004271394E-0007
           4                    54  1.193645099798838297526041666669174E-0006
           4                    55  2.791258421811190518465909091084176E-0007
           4                    56  2.206284172680913185586734693808461E-0007
           4                    57  3.550784125185702609516870575542446E-0007
           4                    58  3.391630974167450713204146849021413E-0007
           4                    59  5.366627947758820097325211864480226E-0007
           4                    60  2.155473662747277153862847222226469E-0007
           4                    61  4.289925570963403609003376108752073E-0007
           4                    62  4.297002188621028777091733870843488E-0007
           4                    63  1.112593755099718743110670194078255E-0007
           4                    64  6.286572897806763648986816406250000E-0007
           4                    65  2.019762022960820847009060650846320E-0007
           4                    66  2.656103760907144257516571969726150E-0007
           4                    67  4.903053398864203929157558754565954E-0007
           4                    68  4.176127766242901759164143598568669E-0007
           4                    69  7.306832982146221658457880434539469E-0007
           4                    70  1.679799918617521013532366071413847E-0006
           4                    71  8.519896319214726837588028168884177E-0007
           4                    72  1.045642420649528503417968749977263E-0006
           4                    73  2.697479978782595109930627228375764E-0007
           4                    74  2.009630505297635052655194256737237E-0006
           4                    75  3.734275698661804199218749999742142E-0007
           4                    76  1.263106241822242736816406249996575E-0006
           4                    77  7.994134317744861949573863636664172E-0007
           4                    78  1.017476954325338008762738330055728E-0006
           4                    79  3.107925353190051193249529322242094E-0007
           4                    80  1.636566594243049621582031250024488E-0006
           4                    81  8.699472671673621660397376543031364E-0007
           4                    82  4.065408637876811302679766508119985E-0007
           4                    83  6.865806275207291391422240165639170E-0007
           4                    84  7.211256037358524037056228741721987E-0007
           4                    85  9.028453727906962991998269895981374E-0007
           4                    86  2.426950824122096216955850290667005E-0006
           4                    87  1.204703217265249668866738505716809E-0006
           4                    88  1.164767044511708346280184659102570E-0006
           4                    89  1.385075490126449070619733146051558E-0006
           4                    90  3.282705114947424994574652777777610E-0007
           4                    91  6.774469198790196562832557209027416E-0007
           4                    92  1.536732863472855609396229619536269E-0006
           4                    93  2.430231180242312851772513440894805E-0006
           4                    94  3.316776549562494805518617021264303E-0006
           4                    95  8.710218887580068487870065789797101E-0007
           4                    96  1.897841381529966990152994791645273E-0006
           4                    97  4.898179676837071765304080534543774E-0007
           4                    98  1.549065037041294331453284438789988E-0006
           4                    99  2.247591813405354817708333333297997E-0006
           4                   100  1.813005656003952026367187499991499E-0006
           4                   101  1.037029101940688286654073436427187E-0006
           4                   102  5.798371023899864481303014465828177E-0007
           4                   103  2.121055516803148880745600728120763E-0006
           4                   104  5.084015539235617282122549926149419E-0007
           4                   105  9.355035160674529821694302721478223E-0007
           4                   106  1.758477597866418226709905660368203E-0006
           4                   107  4.766078457445835523682813455386966E-0007
           4                   108  1.743099548750453525119357638891299E-0006
           4                   109  3.178877362964350149172161697231183E-0006
           4                   110  1.837880435315045443448153409110168E-0006
           4                   111  2.582972252023519028820839420409084E-0007
           4                   112  1.210902285362992967878069196404067E-0006
           4                   113  6.727380063205348249422429321006831E-0007
           4                   114  8.496031034411045542934484649093242E-0007
           4                   115  2.563873654502551361833943761805248E-0007
           4                   116  7.629489213866087542702837024445898E-0007
           4                   117  2.698063065558269187787354353990719E-0007
           4                   118  2.075247150861610800532971398311817E-0006
           4                   119  1.197736995737563249679467375219819E-0006
           4                   120  3.828123832742373148600260416716946E-0007
           4                   121  1.102293387424847311224819214853750E-0006
           4                   122  8.265351442616654160009280099426831E-0007
           4                   123  3.222020236941857066580919715402908E-0006
           4                   124  6.280457610642376601013755202897098E-0007
           4                   125  2.482615411281585693359374999972652E-0006
           4                   126  2.514331609303538581231103552487178E-0007
           4                   127  2.059227544961013193205585629921272E-0006
           4                   128  1.356769644189625978469848632812500E-0006
           4                   129  1.929314128419225530106891957362860E-0006
           4                   130  6.438430244400656434911242603536393E-0007
           4                   131  3.439608876031773690958969465626802E-0006
           4                   132  5.551109400888284047444661458345006E-0006
           4                   133  1.430727523124550228452081360587061E-0006
           4                   134  5.965455113434000200087627394909040E-0007
           4                   135  1.597711471495804963288483796314653E-0006
           4                   136  3.138382453471422195434570312506892E-0006
           4                   137  7.296674194886095135510078953347541E-0007
           4                   138  2.534226581886194754337918931135897E-0006
           4                   139  2.374467205443828225993424010785403E-0006
           4                   140  2.881704962679318019321986607128859E-0006
           4                   141  2.668116981467456682354000443240290E-0006
           4                   142  7.863827969785059191267349918256867E-0007
           4                   143  8.716651766033439369468422202797260E-0006
           4                   144  4.282835612280501259697808159698483E-0006
           4                   145  1.544678023397284654034445600465359E-0006
           4                   146  8.304545201108119661800408144096314E-0007
           4                   147  2.965860999215564412672155915924870E-0006
           4                   148  3.474707891409461562697951858089564E-0006
           4                   149  8.407279729580031897075476611405174E-0007
           4                   150  1.046654457847277323404947916693695E-0006
           4                   151  1.744653980266179470036992963576134E-0006
           4                   152  9.529095548114783215720897896489591E-0007
           4                   153  3.068001782582476248148999183005617E-0006
           4                   154  1.961044822033349569741781655872930E-0006
           4                   155  2.433062200584719257970010080646350E-0006
           4                   156  1.875010431106744198168993466483140E-0006
           4                   157  1.960539302958586698729656565661662E-0006
           4                   158  1.725374939309024520455940929939385E-0006
           4                   159  4.317951183648979139028105345902032E-0006
           4                   160  2.231763210147619247436523437476424E-0006
           4                   161  1.347855149959185108634996117999871E-0006
           4                   162  2.554347623645523448049286265449639E-0006
           4                   163  5.788443389729115712530051469747495E-0007
           4                   164  1.925935678999562975482384694763175E-0006
           4                   165  4.050511904437132556029040404033999E-0007
           4                   166  5.075763797449397666998708312270349E-0007
           4                   167  1.239251348601856605786660679398435E-0006
           4                   168  1.664922040488038744245256696404103E-0006
           4                   169  6.177014013917534371633781095621546E-0007
           4                   170  3.550486529574674718520220588266228E-0006
           4                   171  4.199637527971912484615658984845362E-0007
           4                   172  5.626793799185475637746411700550214E-0006
           4                   173  2.495129837768826428439233268670425E-0007
           4                   174  1.004431304439542031788986635475271E-0006
           4                   175  4.800590021269662039620535714285890E-0006
           4                   176  6.068718700461890086654789191600204E-0007
           4                   177  1.660850698833411696266993290966913E-0006
           4                   178  4.191854131523143039660507373579639E-0006
           4                   179  2.184323213678491066831212109111993E-0006
           4                   180  2.781793268190489874945746527794366E-0006
           4                   181  5.088481558126639266040443715451811E-0006
           4                   182  4.321515593664713231798330232598768E-0006
           4                   183  4.081353100788212765106435368702142E-0006
           4                   184  4.712489696786455486131751018992522E-0006
           4                   185  3.435228624053903528161951013522907E-0006
           4                   186  2.518008332899821701870169690894749E-0006
           4                   187  5.300936340985713645548668999692338E-0007
           4                   188  2.359326719316949451493159199572998E-0006
           4                   189  3.100109222547087089094535383574470E-0006
           4                   190  3.794982637229718660053453947399820E-0006
           4                   191  2.460788291786353625552192408400321E-0006
           4                   192  1.330008914616579810778299967450056E-0005
           4                   193  7.339355106335229824244049546662805E-0006
           4                   194  2.632618488110217851461823453572757E-0006
           4                   195  1.090853159694903622639171392175882E-0006
           4                   196  2.263729194445269448416573660699857E-0006
           4                   197  4.344050143727191208582844225882379E-0006
           4                   198  5.997174109021822611490885416630598E-0006
           4                   199  6.785349517910923790093043341673732E-0006
           4                   200  7.186897564679384231567382812491134E-0006
           4                   201  5.191931065487031319841223569621050E-0006
           4                   202  7.336180067003363429909885519804725E-0006
           4                   203  1.738848063746109384621305418706374E-0006
           4                   204  3.469110393494951958749808517135853E-0006
           4                   205  9.422962803666184588176448170730962E-0006
           4                   206  6.541779300975568086198232706275858E-0006
           4                   207  9.390332056704350715674064009691201E-0006
           4                   208  6.563444353210238310006948617812695E-0006
           4                   209  4.344049431205366216778184808637144E-0006
           4                   210  8.143380267414646624437535430779481E-0007
           4                   211  2.660047068697581358995482819929897E-0006
           4                   212  1.781984748257123180537429217478926E-0006
           4                   213  2.188787041886619164783992614739851E-0006
           4                   214  3.476585827280427807959440712581994E-0006
           4                   215  1.234926883757855841892999594358669E-0006
           4                   216  3.870925147454311818252375096452706E-0006
           4                   217  1.107923008398526275212863623271804E-0005
           4                   218  7.648597719199066862053827408240381E-0006
           4                   219  7.599081895122789356806506849338528E-0006
           4                   220  1.044319172905496329315437758266938E-0006
           4                   221  5.837687927538453184101916006787477E-0006
           4                   222  1.626900976171364655365815033821630E-0006
           4                   223  3.654204910378819623870165358772895E-0006
           4                   224  6.841009183387671198163713727702753E-0006
           4                   225  1.226822130474043481143904320988192E-0006
           4                   226  9.936996344621351960401992863478902E-0007
           4                   227  3.593065057950923096240879680653219E-0006
           4                   228  2.675886111429707018475636734378344E-0006
           4                   229  3.369758700337208748791238308266392E-0006
           4                   230  1.332778131522393181553860467875919E-0006
           4                   231  3.489911620751087799732819264068713E-0006
           4                   232  4.932639622611218485338934536629315E-0006
           4                   233  5.265378069468322229999329399147985E-0006
           4                   234  3.268356716050904178055080436371472E-0006
           4                   235  2.420525930420528876398310179983098E-0006
           4                   236  2.891728970206389992924059851688336E-0006
           4                   237  2.194029697733022702757074353740158E-0006
           4                   238  6.860811089698679576308349626762237E-0007
           4                   239  4.174203366415271200395528242676817E-0006
           4                   240  6.225883650283018747965494791672337E-0006
           4                   241  3.255028432211935272849941649378339E-0006
           4                   242  7.589316873018406639414385330600796E-0006
           4                   243  1.875239753617055551489232591773593E-0006
           4                   244  6.635226767326964706671042520514499E-0006
           4                   245  1.786176258017747712999222329251313E-0006
           4                   246  4.851391796416383448655043191011793E-0006
           4                   247  1.887934139141669640174278846114717E-0006
           4                   248  2.432349813921797660089308215713381E-0006
           4                   249  6.488760013178170445453689759024829E-0006
           4                   250  9.729983285069465637207031249971978E-0006
           4                   251  1.743357319389721152952774311146182E-0006
           4                   252  7.903844576388124435667007688467607E-0006
           4                   253  7.727803669781552944258738883394642E-0006
           4                   254  1.609902902264294661874846210630303E-0006
           4                   255  1.502022582583590591471729623231157E-0006
           4                   256  4.460629497771151363849639892578125E-0006
           4                   257  9.119781531422518570599388983463781E-0006
           4                   258  5.127827802947325299876604893411970E-0006
           4                   259  6.370244612449844831665510376465723E-0006
           4                   260  7.895509210916665884164663461514758E-0006
           4                   261  4.795935697197000642389173251934761E-0006
           4                   262  1.748140223118508100356820037992596E-0006
           4                   263  7.709412137931743955430875712935736E-0006
           4                   264  5.503134529172170041787503945717527E-0006
           4                   265  5.544504185892500967349646226394533E-0006
           4                   266  2.558597055688122168088135855973549E-0006
           4                   267  2.788086788038189491529143258411097E-0006
           4                   268  7.837371579932592897166598212315029E-0006
           4                   269  5.425578918044895044489864079941180E-0006
           4                   270  4.863003441305072219283492476869638E-0006
           4                   271  9.371697167243904733129972901302222E-0006
           4                   272  7.415694520151352181154138901660737E-0006
           4                   273  3.963644650682626424893153220977624E-0006
           4                   274  1.475929545692242457696578404713746E-0006
           4                   275  6.575456326288625228503518853305784E-0006
           4                   276  1.282554349281649658645408740939696E-0005
           4                   277  8.216468173512913259788540726541752E-0006
           4                   278  8.315565345570646354817843117586405E-0006
           4                   279  1.445198720910785588454744436977117E-0006
           4                   280  4.113043957789029393877301897307611E-0006
           4                   281  1.322995171984955933594618827845790E-0005
           4                   282  7.524756972301513590711228390980392E-0006
           4                   283  1.862982547983474529252877926234537E-0005
           4                   284  1.072355637877759799151353433099859E-0005
           4                   285  9.143241403395669502124451754399421E-0006
           4                   286  1.797358215610672543932507921765702E-0005
           4                   287  7.117739051113145276644504028745306E-0006
           4                   288  1.043389703328203823831346299910795E-0005
           4                   289  1.296592766747755162856158088237938E-0005
           4                   290  9.039663028649711155296080744693342E-0007
           4                   291  6.348898000631135763581266108264965E-0006
           4                   292  1.140659857019824009940243501068280E-0006
           4                   293  4.954493061064046397550927901001786E-0006
           4                   294  6.238028132859020121938633154171649E-0006
           4                   295  9.355289167014218993106130826277225E-0006
           4                   296  8.621608611901064176817198057414132E-0006
           4                   297  1.347768167504156478727706755052316E-0005
           4                   298  6.603211439495918734761692533546370E-0006
           4                   299  8.958061000228500199799830958265292E-0007
           4                   300  1.218029841159780820210774739586063E-0005
           4                   301  1.742616001875495593809210184801572E-0005
           4                   302  3.114235250032681090011653563029403E-0006
           4                   303  4.180184437151115376844213853633635E-0006
           4                   304  1.036262256093323230743408203125338E-0005
           4                   305  5.955939165881422699474897540983096E-0006
           4                   306  1.060525624970205469069138071895370E-0005
           4                   307  4.077235094944501533059436680038831E-0006
           4                   308  1.186465726584776655420080407876191E-0005
           4                   309  3.628669348831701433002755865711709E-0006
           4                   310  9.139269710548462406281502016129641E-0006
           4                   311  9.481658877571296078599150924442692E-0006
           4                   312  1.242131889993073828983745788133948E-0006
           4                   313  1.088315963197630434371411990816259E-0005
           4                   314  4.980712387544713961850306031026137E-0006
           4                   315  1.126080160103146992032490079365036E-0005
           4                   316  3.238732460886240005493164062503143E-0006
           4                   317  7.197707421396056936366324921162774E-0006
           4                   318  2.918035650438609971430882505630045E-0006
           4                   319  1.054249563747812588013077978058243E-0005
           4                   320  5.661607428919523954391479492164153E-0006
           4                   321  1.393856170276800791422526041666259E-0005
           4                   322  1.911950606250164156632265013165166E-0006
           4                   323  5.622329507542099376950101586716448E-0006
           4                   324  8.213049214747216966417100694461907E-0006
           4                   325  1.022788409430247086745042067307747E-0005
           4                   326  2.710865350267894204592802584779393E-0006
           4                   327  8.839893151951856933967053707947904E-0006
           4                   328  5.660203098115034219695300590716878E-0006
           4                   329  3.836077346401374028446464190752775E-0006
           4                   330  1.202123423506350994547974417469637E-0006
           4                   331  6.993695829074908599392525018882150E-0006
           4                   332  2.635281253430334260907050642341537E-0006
           4                   333  1.438826721560608994614731919419683E-0006
           4                   334  9.628367599122181623995661021685421E-0006
           4                   335  9.905243876265056097685401119384974E-0006
           4                   336  8.855653937817329452151343935987445E-0006
           4                   337  1.418390147577773784780574956061282E-0006
           4                   338  1.079328517301347817423330218638227E-0006
           4                   339  3.692721480992691355117302728644192E-0006
           4                   340  3.489803379420900014857519869144236E-0006
           4                   341  1.656691544727033680609188020294182E-0006
           4                   342  1.342702249114663667536308581059001E-0006
           4                   343  1.236313674414486873681733177182021E-0006
           4                   344  1.195306229123542475145916606101520E-0005
           4                   345  5.356638786801393481268399003631790E-0006
           4                   346  6.750664092341943972372595285418559E-0006
           4                   347  1.630128323709758626624555340415567E-0005
           4                   348  4.748029008122353718198578933221297E-0006
           4                   349  5.785626455099255524582377838641325E-0006
           4                   350  2.827447766856271393445073341836941E-0006
           4                   351  5.829255454815351046048677884592752E-0006
           4                   352  5.260551991018135685566043065587987E-0006
           4                   353  1.961602010661870587239365203096631E-0006
           4                   354  1.225165641586029577896024163417758E-0006
           4                   355  5.532460759433222488618232834494340E-0006
           4                   356  1.584480220996094553658131803018076E-0005
           4                   357  9.246493353187536992946592699579856E-0006
           4                   358  4.099489465439119818490310754213744E-0006
           4                   359  4.890939729251901419381909383675771E-0006
           4                   360  4.316562985035556334036367910883313E-0006
           4                   361  2.466475698845108480315402688380699E-0006
           4                   362  4.825429104623102173147786358975923E-0006
           4                   363  6.371764620104111915777537448324117E-0006
           4                   364  1.276318805169436957809951279186174E-0005
           4                   365  1.016049518262686794751311001709334E-0005
           4                   366  6.806684500583448600546920490683648E-0006
           4                   367  6.991191145428519807654440565402863E-0006
           4                   368  1.132712160419348789298016092048676E-0005
           4                   369  1.691178567606582228084243733062385E-0005
           4                   370  6.715468810619534672917546452693067E-0006
           4                   371  4.114828740100461813906416448638321E-0006
           4                   372  1.472212506898788995640252226138995E-0005
           4                   373  2.947751215130641438158371962794040E-0006
           4                   374  1.316928780353802410676517588569547E-0005
           4                   375  1.950223433474699656168619791669527E-0005
           4                   376  3.705102292738176946350760781543270E-0006
           4                   377  4.369207220621387269199685013282337E-0006
           4                   378  2.341353514345076979783476975857471E-0005
           4                   379  1.324937583038234459064252143798543E-0005
           4                   380  1.638769478488125299152575041115279E-0005
           4                   381  6.705872088748951909423187335926285E-0006
           4                   382  2.533708269675717581645467525037652E-0006
           4                   383  1.436608111578241652047976501306745E-0005
           4                   384  5.455535574583336710929870605470889E-0005
           4                   385  1.920901916243813254616477272727807E-0005
           4                   386  3.180275622929007278205199562826897E-0005
           4                   387  6.448140538112739410317866076240752E-0006
           4                   388  6.508616221703819392882671552799127E-0006
           4                   389  2.267685640123022332833894915451034E-0006
           4                   390  7.380779163959698799328926282051323E-0006
           4                   391  2.269936330101983931363391144502597E-0005
           4                   392  2.403232287995669306540975765304705E-0005
           4                   393  8.132987584418997758320094487119382E-0006
           4                   394  1.129912700098121282032031320456714E-0005
           4                   395  3.626758550266733614226752148088044E-0006
           4                   396  1.351247456940737637606534090912740E-0005
           4                   397  8.123213649787859810221647449157266E-0006
           4                   398  1.865738228281688450568884461365936E-0005
           4                   399  1.037041750038626199975647125630106E-0005
           4                   400  8.454935159534215927124023437491283E-0006
           4                   401  1.407259009183939555636665173006516E-0005
           4                   402  3.337273967903312936058959371757916E-0006
           4                   403  5.662950836360358771455509676765485E-0006
           4                   404  2.506078626628559414703066986386374E-0005
           4                   405  6.687701400837835024958829875402384E-0006
           4                   406  6.135885163297500516393501770307263E-0006
           4                   407  1.272790608179902514262585393289781E-0005
           4                   408  4.086270154071044390222651369065505E-0006
           4                   409  1.199876422630737616032253842803323E-0005
           4                   410  1.373190500932495768477277057926895E-0005
           4                   411  8.555208480126086232726011253039181E-0006
           4                   412  6.233831761442268812776634409786588E-0006
           4                   413  1.764511964077191757390815699036110E-0006
           4                   414  2.132902587741469415489602204109247E-0005
           4                   415  1.478933628244572375194135918673384E-0005
           4                   416  1.040538728165511901562030498800465E-0005
           4                   417  3.245520148181874972969438073642083E-0006
           4                   418  3.738968665693778672505095312820383E-0006
           4                   419  4.922084205812799048594472516411378E-0005
           4                   420  1.687810290604829788208007812496087E-0005
           4                   421  1.766326651419568231723087700412873E-0005
           4                   422  2.164049769235307006474354820796259E-0005
           4                   423  4.601114081002550788321971895953525E-0006
           4                   424  1.022503887004447433183778007074449E-0005
           4                   425  3.761267579550561607915224913494712E-0006
           4                   426  3.443373280234897466971194279820722E-0006
           4                   427  1.696446873422110108636860545960127E-0005
           4                   428  1.894506608423228575804523218454418E-0005
           4                   429  9.501731188181952718810323790792422E-0006
           4                   430  2.581532158082468951954075682801783E-0006
           4                   431  1.692926681874937911597869235791260E-0005
           4                   432  9.729351775065340377666332103585361E-0006
           4                   433  1.233961491245458087524695980081447E-0005
           4                   434  9.208730832629128709900956126629436E-0006
           4                   435  3.782307204587021093258912535917858E-0005
           4                   436  9.585175230219933874488087597830673E-0006
           4                   437  4.587875141533537279408515235921706E-0006
           4                   438  6.618820696500444011561370135028380E-0006
           4                   439  1.748209153058045545851722665148316E-0005
           4                   440  2.592668708891045948690619350446594E-0006
           4                   441  6.330061045169144418784013304153656E-0006
           4                   442  6.412735631197196099113835663811946E-0006
           4                   443  2.783349268368665993768549059495225E-0006
           4                   444  2.459348638220519739334754148163825E-0006
           4                   445  4.641854549559314599197902036533090E-0006
           4                   446  8.568409815536716322874029976859264E-0006
           4                   447  2.164913339319511814672141533834962E-0005
           4                   448  1.186123618212224421452502815092593E-0005
           4                   449  4.007062928663993996872933776446332E-0005
           4                   450  1.727751611421505610148111979166613E-0005
           4                   451  2.993917876590610540365455545633856E-0006
           4                   452  2.452827561481864051481263827444601E-0006
           4                   453  1.080196184285034407053562189569549E-0005
           4                   454  1.956794527872149639717807853803335E-0005
           4                   455  1.079108485745758901484820768173850E-0006
           4                   456  3.328858504961016875995273185019563E-0006
           4                   457  3.470762754985717985790302312486336E-0006
           4                   458  1.143563333055564716663761771411094E-0005
           4                   459  9.093183033931229369053393926986371E-0006
           4                   460  1.371403062797111013661260190218647E-0005
           4                   461  6.156692853653675111314194850880914E-0006
           4                   462  2.396683252993084135509672619047654E-0005
           4                   463  1.071444028670664224974794985151456E-0005
           4                   464  2.622989641156991086590162497218306E-0006
           4                   465  4.428604577657996967274655577957325E-0006
           4                   466  6.784031916060525688670700369198676E-0006
           4                   467  3.940214710240195413204691429719760E-0006
           4                   468  1.256394003016444352956918569715928E-0005
           4                   469  4.525148115209103547605600485001558E-0006
           4                   470  2.069041340988367161852248171546696E-0005
           4                   471  2.622961452460979083864585516781020E-0006
           4                   472  6.416866683428724481264293553402769E-0006
           4                   473  1.869112771028066034296854353862297E-0005
           4                   474  4.806417288093627253665199762683827E-0006
           4                   475  3.513806378288282251754295792947642E-0006
           4                   476  1.258046773238843228636669511550171E-0005
           4                   477  2.766470961756926162687737486896227E-0005
           4                   478  2.127417916564512452321072502615148E-0005
           4                   479  7.027855419042463840174027922736209E-0006
           4                   480  5.379245008548928631676567925345805E-0006
           4                   481  1.230569969145033549872096022287851E-0005
           4                   482  4.078295449998956892342239952340632E-0006
           4                   483  3.185052343684694041376528532604410E-0005
           4                   484  5.147658870770146177323266266381992E-0006
           4                   485  3.369759384395022336019442405549281E-0006
           4                   486  9.084023619568887561437033821973019E-0006
           4                   487  3.391371928384277919696602159236076E-0006
           4                   488  2.173508505993446365731661436989949E-0005
           4                   489  1.190910506269805026688214947593884E-0005
           4                   490  4.614948274498678951748010269146820E-0006
           4                   491  1.211183064080425775221069087325982E-0005
           4                   492  1.566230775636991834252830443338962E-0005
           4                   493  8.725404406899612767217609026372684E-0006
           4                   494  1.726431728751673872171625917253183E-0005
           4                   495  2.009592705754318622627643623737332E-0005
           4                   496  1.784541922050618356274020287297183E-0005
           4                   497  1.016687658021387679715991260059083E-0005
           4                   498  1.382099057006042535565625878890933E-0005
           4                   499  5.667242939079881811233313320027355E-0006
           4                   500  2.949220407754182815551757812497162E-0005
           4                   501  6.579626104591352063891111629649883E-0006
           4                   502  1.428922057611890048144823051547664E-0005
           4                   503  3.096037016622351841708537835490263E-0005
           4                   504  7.694088951275071739759995433381537E-0006
           4                   505  1.302129721676014344045524795361666E-0005
           4                   506  6.648103311902576178290418632533372E-0006
           4                   507  1.740521159853338019617445605280498E-0005
           4                   508  1.385239160099015461178276482529480E-0005
           4                   509  1.025529934927538700970927159061488E-0005
           4                   510  2.302682939924010401824399720059048E-0006
           4                   511  6.797696589519599645804985628666260E-0006
           4                   512  3.289601772848982363939285278320312E-0005
           4                   513  7.329343400232806459289341817897821E-0006
           4                   514  3.438823809303662192496808122568150E-0005
           4                   515  3.731709582618234833781979223115436E-0006
           4                   516  2.917736320207689621651819510053397E-0005
           4                   517  1.776132434242370150583416345170292E-0005
           4                   518  4.737225314422463818406506394789430E-0005
           4                   519  5.189529956822126936627260326293456E-0006
           4                   520  4.940269304475245567468496469348591E-0005
           4                   521  6.293994472786502498110228647170367E-0006
           4                   522  3.439534461782296041875963466836169E-0005
           4                   523  2.648817873016769070014443041944662E-0005
           4                   524  3.849227671895375233570127996777375E-0005
           4                   525  5.837768766091388909995150403911562E-0006
           4                   526  1.651902984962320599719145452115823E-0005
           4                   527  4.970774778056163986729260576125690E-0006
           4                   528  1.165043680562618076527633176579998E-0005
           4                   529  3.977901335728191022386172318052262E-0005
           4                   530  3.780233695716509279215110922757430E-0005
           4                   531  1.801707209201911972965448814148921E-0005
           4                   532  3.713172404410639651735922447719905E-0005
           4                   533  1.243570593218921944079658551243046E-0005
           4                   534  1.250358044661665230654598621841475E-0005
           4                   535  2.449916253545295412295332578856656E-0005
           4                   536  8.661414103034371707242378069998892E-0006
           4                   537  5.795577343499137469034726170895126E-0006
           4                   538  2.172026418834980092527254806576866E-0005
           4                   539  2.059892410100471472776364387439737E-0005
           4                   540  1.197585952468216419219970703123236E-0005
           4                   541  8.458215674443958867720006353957224E-0006
           4                   542  3.252516894144215706969539177814738E-0005
           4                   543  2.881168994387530209591218659273575E-0006
           4                   544  1.803194155560477691538193646599883E-0005
           4                   545  3.125897753949559062992760894495079E-0005
           4                   546  1.955075183501228308066343649839692E-0005
           4                   547  1.247420330690237024366528722004616E-0005
           4                   548  1.660265673434592946602480254901846E-0005
           4                   549  9.439321988023043981666773394809122E-0006
           4                   550  9.267194916240193627097389914772503E-0006
           4                   551  6.037245136085634006562553170387527E-0006
           4                   552  1.588497315938382045082423997959629E-0005
           4                   553  5.663691855846396729331232670199118E-0006
           4                   554  3.044791948425440472942146916064467E-0005
           4                   555  4.556985534488714589825718349265596E-0006
           4                   556  1.940054114633273306510431303395324E-0005
           4                   557  1.577515730364518953905333397528285E-0005
           4                   558  1.879129663116455505398439250112026E-0005
           4                   559  4.058207088684886427386288992621821E-0005
           4                   560  8.151760676457565657946528220672611E-0006
           4                   561  1.619058435387683637214429450757604E-0005
           4                   562  6.438700198621722914265202792946825E-0006
           4                   563  1.726630297137216565207079565302953E-0005
           4                   564  6.652728791910446503831433503956223E-0006
           4                   565  7.722976869728530860188069157979046E-0006
           4                   566  1.202149412275914423137285130400357E-0005
           4                   567  1.040188753306408213154995057544108E-0005
           4                   568  5.947441033017835466191542098922222E-0006
           4                   569  3.087643367026106232955924935032009E-0006
           4                   570  3.735165463008901529144822505483823E-0005
           4                   571  2.155587099159818188321569546302754E-0005
           4                   572  4.733736823000326440050885393902930E-0005
           4                   573  1.005156727159886668073777336931704E-0005
           4                   574  3.436253424766327445930720206337133E-0005
           4                   575  9.416184314510772719500420900286581E-0006
           4                   576  2.239168558541374901930491129554903E-0005
           4                   577  1.990656688021725137270922470756499E-0005
           4                   578  6.893902114256286034189140820486570E-0006
           4                   579  1.670649400930185461453527730330181E-0005
           4                   580  1.553075291730206588218952047415080E-0005
           4                   581  2.000281922262732625623167894791653E-0005
           4                   582  7.329666705704882593689062147130764E-0006
           4                   583  5.188411861293874105908245001607515E-0005
           4                   584  2.499900040397450934657238061711454E-0006
           4                   585  8.314655711635565146421774839743445E-0006
           4                   586  2.035649871668505859432765453838740E-0006
           4                   587  3.111971565244601979166320072936436E-0005
           4                   588  7.410327816177158685829225796377112E-0006
           4                   589  9.405007118303750922948674480956382E-0006
           4                   590  1.109400225005438190121583574224448E-0005
           4                   591  1.902197166180550144408560041246377E-0005
           4                   592  6.546045483363461677308845380701648E-0006
           4                   593  8.617725837508713872710099528397982E-0006
           4                   594  2.790589033710685643282803622160889E-0005
           4                   595  1.407779925385443102411863182773165E-0005
           4                   596  1.133704185329577666801094208786661E-0005
           4                   597  5.478540730274202835619749136306178E-0005
           4                   598  5.019279517478763112429704398493621E-0006
           4                   599  2.745313174207889177962416201482139E-0005
           4                   600  6.977710290811955928802490234402528E-0006
           4                   601  1.336022838625020256551422197124643E-0005
           4                   602  1.803557237647350048305980390885434E-0005
           4                   603  1.175946225512581282784887411901429E-0005
           4                   604  2.604564794474928979052613113100205E-0005
           4                   605  2.388578535573295325287117445766549E-0005
           4                   606  1.307851623393373914284281211325934E-0005
           4                   607  1.601974270421600420353243731978707E-0005
           4                   608  4.265027823030801587983181602076818E-0005
           4                   609  2.795033134927215102678790633188567E-0006
           4                   610  3.517230812338043431766697617827824E-0005
           4                   611  5.723336793835931831022721460717359E-0005
           4                   612  2.106410292208535608902476192299882E-0005
           4                   613  2.310762609557216746966562691169257E-0005
           4                   614  1.151417875025384977508445516081719E-0005
           4                   615  1.124367155740416146875396976626056E-0005
           4                   616  5.778149633188014901856544508773288E-0006
           4                   617  2.254817607572788476221866850699147E-0006
           4                   618  9.891508827769884976424689072234128E-0006
           4                   619  9.083030055379867615935062372199862E-0006
           4                   620  1.242664276911032993761235295671855E-0005
           4                   621  2.792779181524511312708954496277214E-0005
           4                   622  2.046994875421765532907565690314027E-0005
           4                   623  1.536023277418043289900472883108779E-0005
           4                   624  6.365004123570023987498587483557875E-0006
           4                   625  9.096739866435527801513671874998986E-0006
           4                   626  5.100368274399600089929355219147771E-0005
           4                   627  2.901114974961136326645359848482351E-0005
           4                   628  2.520796946682937585624160280650375E-0005
           4                   629  7.888302577153108836357468451915477E-0006
           4                   630  3.241892323814450748383052765376959E-0005
           4                   631  5.836094972223702046293469602477174E-0006
           4                   632  1.804420394422132757645619066456003E-0005
           4                   633  8.762535388398627417970132506326137E-0006
           4                   634  2.416877508639396177105347064770064E-0005
           4                   635  8.930236570478424312561515748012692E-0006
           4                   636  3.739846020983824939847742236634197E-0005
           4                   637  1.582433919453481274114082925144486E-0006
           4                   638  1.536749486684089873232341839117588E-0005
           4                   639  5.628334383223273309123942592417688E-0006
           4                   640  1.711071290628751739859580993650015E-0005
           4                   641  6.515444103808559233238470163807123E-0006
           4                   642  6.134223945808278062504847698672937E-0006
           4                   643  4.153081120323523021597142909214824E-0005
           4                   644  1.654283896010705504096045059396862E-0006
           4                   645  2.043885954966147740681966145831254E-0005
           4                   646  1.649622788837312175762542630130644E-0005
           4                   647  2.379864707029282240382597716859257E-0005
           4                   648  5.090116894081566523095671495736875E-0006
           4                   649  3.661968255952253180035090042371261E-0005
           4                   650  1.562238411878693033252242048816614E-0005
           4                   651  2.650145713823594255930817072292570E-0005
           4                   652  1.942157349692074799098851490602955E-0005
           4                   653  1.142909775301243590724413464298492E-0005
           4                   654  3.660171002929956176594492127771092E-0005
           4                   655  4.628394367813154031302182729006611E-0005
           4                   656  1.734073796286815550269150152437503E-0005
           4                   657  2.827151530369821385887296958238594E-0005
           4                   658  5.778560883410975636177839383361187E-0006
           4                   659  3.681651722844566088539399052136977E-0006
           4                   660  5.799378921052045894391608960700801E-0005
           4                   661  5.457376016503969227131484315906481E-0005
           4                   662  2.586386735442499442844803636786829E-0005
           4                   663  6.655227286236598808756315468070827E-0006
           4                   664  5.241433687413202987767248753094586E-0006
           4                   665  9.134386029740786753256652925201997E-0006
           4                   666  1.047499664547341363924043672576362E-0005
           4                   667  7.278800975514584216756977956321545E-0006
           4                   668  5.787167444401337001138104650072736E-0005
           4                   669  3.739633344765334920498287731223715E-0005
           4                   670  3.236844864632211514373323810632528E-0005
           4                   671  3.278220780400324527493138852476694E-0006
           4                   672  1.277317486320888357503073556080144E-0005
           4                   673  1.560812480443255508105432473532714E-0005
           4                   674  1.638819299809612576968592069272275E-0005
           4                   675  9.888265015421989686858670374677634E-0006
           4                   676  1.451025214790195755704620180748728E-0005
           4                   677  4.315240841297558182850784879011301E-0006
           4                   678  2.370534875432913985575898207045839E-0005
           4                   679  2.157078237740517715993440203883407E-0005
           4                   680  1.315595119688853260555069339313477E-0005
           4                   681  4.105084499128151920223376124267389E-0005
           4                   682  4.318494562860020374827549347055528E-0006
           4                   683  1.729079532419300009530599434937793E-0005
           4                   684  1.113861971627631032031895397569197E-0005
           4                   685  6.908069961558976026810735433915810E-0006
           4                   686  1.204719189310082541262790691056409E-0005
           4                   687  4.433742127878783918711122293488074E-0005
           4                   688  1.347071675721227542460448294472795E-0005
           4                   689  2.962706776144874709866398520953017E-0006
           4                   690  6.818772145742392044211605771503458E-0006
           4                   691  1.010542982102906824710917714362029E-0005
           4                   692  5.915966943743633373154325344062221E-0006
           4                   693  8.744136791159255727478483472083640E-0006
           4                   694  1.933493450826157410481477676960947E-0005
           4                   695  1.230160404237911855574134442445513E-0005
           4                   696  2.453835700352637207733307509711007E-0006
           4                   697  9.422004448459320685507537326751232E-0006
           4                   698  1.643510417943356030308414666903616E-0005
           4                   699  4.104300447405237326124024834584508E-0005
           4                   700  8.299686513575060026986258370535359E-0006
           4                   701  2.543278504827308246650641382845998E-0005
           4                   702  2.789902789359036673847426716076793E-0005
           4                   703  1.264857141510351623274693278807165E-0005
           4                   704  5.234383092447538082757272010993203E-0006
           4                   705  3.628986639941626406730489527925859E-0005
           4                   706  1.942476758300709319182225732562413E-0005
           4                   707  5.251026711513964743674000681017115E-0006
           4                   708  2.621488493083223784710727842513506E-0005
           4                   709  2.457709258556239863881271211654716E-0005
           4                   710  3.079373500424614030201977572955634E-0006
           4                   711  2.660606064311059718393575290081882E-0005
           4                   712  1.911700271272117321636622308134482E-0005
           4                   713  9.388940442787146334226803558922417E-0006
           4                   714  2.795464003129917032578412224264678E-0005
           4                   715  2.969156289668558360813380954982538E-0005
           4                   716  1.128454394794625942933492820353775E-0005
           4                   717  4.830258520919939542019424887700011E-0006
           4                   718  2.898275852203369140625000000002897E-0005
           4                   719  9.074441067741579321554815686788439E-0006
           4                   720  5.390131450833085878395739896793450E-0006
           4                   721  5.697066478162076269825764257136758E-0006
           4                   722  8.114351097830186180461731010917057E-0006
           4                   723  4.883419724250853803642557864367225E-0005
           4                   724  6.464675497862501200955449936243534E-0005
           4                   725  7.397030062716582725787984913794588E-0005
           4                   726  5.551839775858003561632201982599448E-0006
           4                   727  5.910163770905059174297600369669899E-0005
           4                   728  4.333681263832968997431325388475323E-0005
           4                   729  2.137353270668349648757669816003049E-0005
           4                   730  7.887719891174402955460221800082586E-0005
           4                   731  6.437341887142355967851103551585583E-0006
           4                   732  1.628521182243534124614111061304608E-0005
           4                   733  1.882460040824227213444435925879149E-0005
           4                   734  3.677970134426842602217865381082331E-0005
           4                   735  2.498486352155837651244405407251602E-0005
           4                   736  2.738816850899678209553594174595380E-0005
           4                   737  1.435140270969880617717749809523455E-0005
           4                   738  2.166617205543576322339496002778859E-0005
           4                   739  9.631470187646631391488390840410917E-0006
           4                   740  4.136428863087014572040454761401045E-0005
           4                   741  1.084547712150670339144123734917924E-0005
           4                   742  8.275772279971501781874273720618216E-0006
           4                   743  3.545544461834759603117869647967570E-0005
           4                   744  2.774626335194234245566911594838586E-0005
           4                   745  3.756115020949420861943144716879248E-0005
           4                   746  6.409968316579871135894523360523128E-0006
           4                   747  6.221571919748901203773427041502853E-0005
           4                   748  3.641463500537217300843427525484593E-0005
           4                   749  3.445970250444048199648041148626366E-0005
           4                   750  1.761475786690910657246907552081670E-0005
           4                   751  1.398237241052597086534360436086240E-0005
           4                   752  1.525233575251904573846370615856503E-0005
           4                   753  2.831350909954166982278405907620386E-0005
           4                   754  7.904688923902847520471158511529520E-0006
           4                   755  1.769059041626011298981723406456998E-0005
           4                   756  7.686454623508902769240121992805241E-0005
           4                   757  8.878886080525099733259595138226467E-0006
           4                   758  6.840937162103195303662785754039307E-0005
           4                   759  4.030689485811197865801255299345957E-0005
           4                   760  1.932996591885891482440388433818572E-0005
           4                   761  1.737634506340918183796665828269426E-0005
           4                   762  3.043352534598487568652535986709404E-0005
           4                   763  1.183770689680734705979578807937482E-0005
           4                   764  5.111621522606908008817720464194149E-0006
           4                   765  9.307141949965441627735472167488952E-0006
           4                   766  2.280494709457842239200602001061938E-0005
           4                   767  4.381445649953017489695642264910938E-0005
           4                   768  1.501101211639858471850554148356334E-0004
           4                   769  1.581450349454002879688163772717075E-0005
           4                   770  4.502301294864578680558638139204704E-0005
           4                   771  2.454638147008906128844740991433862E-0005
           4                   772  1.121876178828100755987956177042888E-0005
           4                   773  1.385888484195283870911815225769143E-0005
           4                   774  3.856090284284497976648544781095992E-0005
           4                   775  7.942635490889510800761561239919392E-0005
           4                   776  3.854613214102333661207218760064051E-0005
           4                   777  1.613225335444689338813498755301378E-0005
           4                   778  4.258118363355877773314331368490417E-0005
           4                   779  8.074706593302134351610862567224163E-0006
           4                   780  8.786958177714197750079012638169663E-0006
           4                   781  5.722698192860925594202758919325354E-0006
           4                   782  1.740556419317006905749895860843286E-0005
           4                   783  1.572650238753233094389759467529914E-0005
           4                   784  7.189866122718406270961372219784953E-0005
           4                   785  4.973055100112051996499356829258314E-0006
           4                   786  3.361088059648264758762815829757768E-0005
           4                   787  1.155198483669886595109214928129211E-0005
           4                   788  2.952339245847941655192883486674295E-0005
           4                   789  4.070252593233709250717259782951510E-0005
           4                   790  5.894548737125683434401886372627774E-0005
           4                   791  1.964379910276037100443496414747111E-0005
           4                   792  4.306650042035287678843796855275124E-0005
           4                   793  3.353074929368075025637844321406085E-0005
           4                   794  5.195432173097576542525207365791510E-0005
           4                   795  1.060241972929964025565413309093416E-0005
           4                   796  2.956307033488888124459825535349033E-0005
           4                   797  1.770480248535878329396553952553714E-0005
           4                   798  4.436017552689464767475175977055533E-0005
           4                   799  3.022011206281349268067017365456748E-0005
           4                   800  2.505603327299468219280242919920976E-0005
           4                   801  1.711575022853054281758182142636559E-0005
           4                   802  6.918202762833408584023948916772060E-0005
           4                   803  1.182599489324792949116817600312221E-0005
           4                   804  2.287374765945793087802716155547307E-0005
           4                   805  3.947029873636198339995390139752829E-0005
           4                   806  1.440888148396038813261258260755876E-0005
           4                   807  5.339960973773367671831507850683032E-0006
           4                   808  7.110810060616545748002458326887602E-0005
           4                   809  7.249280796857618494681121406931374E-0006
           4                   810  2.112360570556771608046543451004827E-0005
           4                   811  2.636410651369669296902935892934818E-0005
           4                   812  4.709109129485091552358542757079985E-0005
           4                   813  8.653101659750373326172138728573045E-0006
           4                   814  5.851224115168726122057115709455696E-0005
           4                   815  3.077246604527330420096120045037535E-0005
           4                   816  1.892186863936812562101027544808775E-0005
           4                   817  2.893668256307903089021381578947822E-0005
           4                   818  5.311835327274251256843744903548596E-0006
           4                   819  4.927975340505041865239596229716157E-0006
           4                   820  4.363881563199911175704583889100661E-0005
           4                   821  2.200606863029312695440770165445769E-0005
           4                   822  1.562996356929494738285926612305785E-0005
           4                   823  6.746378846158388878615868460319812E-0006
           4                   824  1.926445167678977968623337236426450E-0005
           4                   825  2.245397702085249351732658617424299E-0005
           4                   826  5.875637410343883978541191784576574E-0005
           4                   827  4.916235480335386784809879510848070E-0006
           4                   828  4.212630326085800421986602930634025E-0005
           4                   829  3.324683676434476355447987739371254E-0005
           4                   830  2.658192463869969528841685099775318E-0005
           4                   831  3.920502780805533543390487505641514E-0005
           4                   832  7.247363268666399212983938363884603E-0005
           4                   833  1.203332270751623403267557022811398E-0005
           4                   834  1.128326490043068294921009432337078E-0005
           4                   835  2.460290152375709587788461309511302E-0005
           4                   836  7.710344816500133874884062406546597E-0005
           4                   837  4.033125637114724520429203302347244E-0005
           4                   838  4.544863638496982169322011578911355E-0005
           4                   839  2.570425787956161919594947714909721E-0005
           4                   840  2.812610722945204802921840122763932E-0005
           4                   841  1.203259880365511660881736997312925E-0005
           4                   842  6.593920657136908902691548906989475E-0005
           4                   843  6.074926272817048880764020714397306E-0006
           4                   844  4.296692960533662147431576986450844E-0005
           4                   845  9.007010989318683340178747762467170E-0006
           4                   846  1.633010559612932951333396491241858E-0005
           4                   847  2.388741627310327453024015223258748E-0005
           4                   848  1.014696729571540962974980192363359E-0005
           4                   849  1.019669357263519872832358908757476E-0005
           4                   850  1.961288590203313266529756433823499E-0005
           4                   851  1.339127369127464063718998997473108E-0005
           4                   852  6.706424346062499032893650968311254E-0005
           4                   853  1.128359451007801091684965287951193E-0005
           4                   854  4.382889152916728473100505891393394E-0005
           4                   855  1.579050241088334963131789114866646E-0005
           4                   856  3.496768939304470180351043415957328E-0005
           4                   857  3.911404696031274706507786291203116E-0005
           4                   858  6.114454024920721987744311352709765E-0005
           4                   859  6.048502351728737423666975134603969E-0005
           4                   860  3.351951004439141861228055732196363E-0005
           4                   861  4.471630410354882414994384680986762E-0005
           4                   862  1.889455997177177609572889394628355E-0005
           4                   863  4.203383595524042810238940967196351E-0005
           4                   864  1.499342700851849945893176462097766E-0005
           4                   865  9.447313255196559034446505492687534E-0006
           4                   866  2.628435070495235176615021245309524E-0005
           4                   867  6.990678818855881078034150231704199E-0006
           4                   868  2.998097014853790883095033707157208E-0005
           4                   869  5.910686330850502975516544249854213E-0005
           4                   870  5.412277479217141524128530217311525E-0005
           4                   871  4.623459005700563316914572644588836E-0005
           4                   872  8.395231859950937738965210032872273E-0006
           4                   873  2.746412160761404101355944580907270E-0005
           4                   874  6.303676205455073319319216905365749E-0006
           4                   875  1.757335832593392352668606505102873E-0005
           4                   876  8.393829349754720933120042562266330E-0006
           4                   877  1.008865293943691688633291316277824E-0005
           4                   878  8.727729872092193682077553628771159E-0006
           4                   879  4.781870726618886129576734037254985E-0005
           4                   880  3.410231654218605850353713863150093E-0005
           4                   881  1.320775429574976452918440582224530E-0005
           4                   882  1.018252258047529088666920218610604E-0005
           4                   883  3.773822053098293825022091546928169E-0005
           4                   884  1.760294668300591442919424756080272E-0005
           4                   885  1.424580897533390173381924868931135E-0005
           4                   886  1.736173842997872533432247945467395E-0005
           4                   887  1.640573656868941351149772979497106E-0005
           4                   888  2.538420098439395964682639182147162E-0005
           4                   889  1.868571671243459489133682508432799E-0005
           4                   890  1.998438529467771953591913936746965E-0005
           4                   891  1.708923692690439723471603100730219E-0005
           4                   892  8.293925613939976962601441659516010E-0006
           4                   893  2.385012802177812613967386893628820E-0005
           4                   894  3.585133150289497663582319748170482E-0005
           4                   895  2.160042257288483130396470933970335E-0005
           4                   896  2.455772961666855048768374384668008E-0005
           4                   897  1.050414986053128736979011918561725E-0005
           4                   898  7.024298957186047908723487089363915E-0005
           4                   899  4.155530663698215505835476918802125E-0005
           4                   900  3.425985936903291278415256076388843E-0005
           4                   901  3.105443571544315388940944523445747E-0005
           4                   902  1.634022024086332220478421606115376E-0005
           4                   903  1.635952777376734669158361018822415E-0005
           4                   904  3.641726775197889161320914209417630E-0005
           4                   905  1.413457302335635060039378323071141E-0005
           4                   906  3.318738363987496883400754949641315E-0005
           4                   907  1.151883144671917825327892312764024E-0005
           4                   908  2.772586178116598843477896131611652E-0005
           4                   909  1.178894895695111747577372150266048E-0005
           4                   910  3.743721284397380994924124478286335E-0006
           4                   911  2.620530925061386058149955406149477E-0005
           4                   912  3.036854774874978159603319670024971E-0005
           4                   913  1.223016847006625700884815897113651E-0005
           4                   914  3.830089625602901894884505991865093E-0005
           4                   915  2.813407881666800139209419598366303E-0005
           4                   916  3.706803824955914738917454881957195E-0005
           4                   917  7.895673887177614477528291022212738E-0006
           4                   918  3.584164979398693623457843487678501E-0005
           4                   919  4.845333288792378337321043133374682E-0005
           4                   920  6.922568503321836824002473250680615E-0005
           4                   921  4.362393143798156877035167913617073E-0005
           4                   922  7.724072019272638136507195194260647E-0006
           4                   923  4.546219805398812660804161658656585E-0005
           4                   924  5.043844389527616820810161111674813E-0005
           4                   925  2.014957096324274364050676389015572E-0005
           4                   926  6.729021663620455393869874893000886E-0006
           4                   927  4.228662275995540773212716803197115E-0005
           4                   928  2.564005777019011820184773412244968E-0005
           4                   929  1.035250730622270975173900885069998E-0005
           4                   930  2.169635916416905755761841540116617E-0005
           4                   931  6.001216817595200687166699533429063E-0005
           4                   932  6.244102664803486525244978876066881E-0006
           4                   933  3.722909935785004308113842276256944E-0005
           4                   934  3.215705804698159084995501484895986E-0005
           4                   935  5.761696552099946767731790679780920E-0006
           4                   936  1.348089277505492552732809995997979E-0005
           4                   937  6.873814091921297946632735375533916E-0005
           4                   938  7.321802638060763883323838870862906E-0006
           4                   939  5.730976287909863697301684101897135E-0005
           4                   940  2.330610407219129673978115649937671E-0005
           4                   941  7.679170838830283250877332301853780E-0006
           4                   942  6.915681380791397451450048128876750E-0006
           4                   943  3.515912367036903903188533520013961E-0005
           4                   944  1.654096632706671867587038307003833E-0005
           4                   945  1.031702607908167239282830745790329E-0005
           4                   946  1.164552716561696246871858556414609E-0005
           4                   947  8.698042796753939745330362213855546E-0006
           4                   948  7.062961611668834706399008191584912E-0005
           4                   949  4.955346990735634726460479368423632E-0006
           4                   950  9.412121927040600710628435552291112E-0006
           4                   951  4.472082260933427529881554572486794E-0005
           4                   952  1.004628117221943788395099035134873E-0005
           4                   953  2.615228280667430581476105472851486E-0005
           4                   954  1.336285864076234153337568627928159E-0005
           4                   955  2.885899879525937335029322439466253E-0005
           4                   956  1.699320503569442493629519010015418E-0005
           4                   957  4.798663177215100082110461770178430E-0005
           4                   958  9.981573735293360231268115529956650E-0006
           4                   959  2.654354373037784017537010598604229E-0005
           4                   960  3.931022551518657969103919135201358E-0006
           4                   961  6.224701019413068132009210484844946E-0006
           4                   962  1.622733658590119742554091614150483E-0005
           4                   963  1.210023625605414945689048561460222E-0005
           4                   964  4.307494022500898333505970808480245E-0005
           4                   965  2.603954249520067106256830877591892E-0005
           4                   966  2.674020532298354889270588260260969E-0005
           4                   967  4.729252253187228741784225385242267E-0006
           4                   968  3.103821089564368498226827826383943E-0005
           4                   969  1.076593008474753691375436691334061E-0005
           4                   970  2.693124835561845720428781411086089E-0005
           4                   971  3.300319978704505305579958443289085E-0005
           4                   972  1.322119139960013380074723511542287E-0005
           4                   973  2.723802247190922651849572239526405E-0005
           4                   974  1.051628486936036076633837188779651E-0005
           4                   975  4.377240816561075357290414663461496E-0005
           4                   976  6.578212602018210731568883677000189E-0005
           4                   977  3.688529223401934488036859486952216E-0005
           4                   978  1.208734047415416381706686295606222E-0005
           4                   979  2.116182799325470870690779690296629E-0005
           4                   980  4.652505205963187071741843710138959E-0005
           4                   981  3.982942409445052239265403008731080E-0005
           4                   982  1.504494247245366524746316126875342E-0005
           4                   983  3.671948596672178648738143160283379E-0005
           4                   984  4.190531153727807407456684887889243E-0005
           4                   985  6.805410401166067467688310056963276E-0006
           4                   986  4.956840596994872509103275941303607E-0005
           4                   987  1.597996617609818051772035484741420E-0005
           4                   988  1.400483014280738135581074455967760E-0005
           4                   989  2.715217655372059140335561291397323E-0005
           4                   990  6.288658801673187149895562065972182E-0005
           4                   991  7.356291422554631045559941820134217E-0005
           4                   992  4.301093741237456279416238107987698E-0005
           4                   993  4.555366444237312641508749724634915E-0005
           4                   994  3.932935190960001213181495600867749E-0005
           4                   995  2.163976109841705039879194501282368E-0005
           4                   996  9.615729431995620268167706240067184E-0006
           4                   997  6.688204129229308131226565438500822E-0005
           4                   998  1.292738105582898269913239565068156E-0005
           4                   999  9.209061568231915751201795210901916E-0006
           4                  1000  1.648015056736767292022705078122322E-0005
