kind n error
           8                     3  1.850371707708594232434444493162004E-0017
           8                     4  6.938893903907228377647697925567627E-0017
           8                     5  2.775557561562891353947974086807904E-0017
           8                     6  2.312964634635742790543055616452505E-0017
           8                     7  6.740639792367021855323377905390318E-0017
           8                     8  2.775557561562891351059079170227051E-0017
           8                     9  3.700743415417188465938850066539139E-0017
           8                    10  2.275957200481570908133260286939427E-0016
           8                    11  1.072374512422026203927708426246090E-0016
           8                    12  8.442320916420461190698213266100407E-0017
           8                    13  9.500947037657589627371753623221568E-0017
           8                    14  1.407604191935466328312237285527609E-0016
           8                    15  3.324501168183107639854136874499509E-0017
           8                    16  3.469446951953614188823848962783813E-0017
           8                    17  7.659194309157113676494569311171542E-0017
           8                    18  3.346088838106374573435215437927860E-0016
           8                    19  1.017576297154705457944335873174108E-0016
           8                    20  1.263572579901506287433626989923516E-0016
           8                    21  1.029662623745326587561532635826545E-0016
           8                    22  6.894737306336909651723020895678026E-0016
           8                    23  1.080958993813026055554333302669003E-0015
           8                    24  2.090341788552052548553212691128139E-0016
           8                    25  3.150812943886194261765118615304364E-0016
           8                    26  6.293043009774324813016642443176066E-0016
           8                    27  1.368075748708622681352211149410648E-0016
           8                    28  2.800339325505417166968668083445112E-0016
           8                    29  8.451259245864654015344771682535272E-0017
           8                    30  1.818761191035239082464309814738874E-0016
           8                    31  4.364788100844869463483289336688490E-0016
           8                    32  1.326738198470511775894919992424548E-0015
           8                    33  1.883282072275794265705911804265531E-0016
           8                    34  1.353564511532076123817850741647706E-0016
           8                    35  1.976083695769041381226619703520508E-0016
           8                    36  3.658017818694055997014072421327948E-0016
           8                    37  6.784175323617405041991939261617837E-0016
           8                    38  4.879138029273714269792122580613533E-0016
           8                    39  7.859631748848764450704392421722342E-0016
           8                    40  1.189586623651095464967247992763702E-0015
           8                    41  7.665785350670192911197869494805874E-0016
           8                    42  6.074836401111161606106136337481024E-0016
           8                    43  1.282646469655967552585025803741813E-0015
           8                    44  4.033447130010867007709156947543747E-0016
           8                    45  1.530034672347227693325968518768684E-0016
           8                    46  1.361872702406744775641923577061887E-0015
           8                    47  9.606677155898794692325819018081855E-0016
           8                    48  1.533423272618665104476495754103433E-0015
           8                    49  4.511451488198208411120229927931091E-0016
           8                    50  4.900940764329675403202985858420073E-0016
           8                    51  2.021683154090525287505254195575357E-0016
           8                    52  2.492797634978671794645166909561921E-0015
           8                    53  6.401901575213432421451149436741635E-0016
           8                    54  1.207496037315115278979459895477291E-0015
           8                    55  8.912693815300475431441672185996160E-0016
           8                    56  3.769739976527170759800164023157092E-0015
           8                    57  5.086290388217845268972659453426240E-0016
           8                    58  2.929516848420095728698210197105317E-0016
           8                    59  1.786361524405625465882415247909849E-0016
           8                    60  1.351291763670066832973012931711807E-0015
           8                    61  9.000086650444916544688102583685556E-0016
           8                    62  5.624691948183862470189157230530146E-0016
           8                    63  6.429490978421975500961774697779494E-0016
           8                    64  1.819535190919485678762157476739958E-0015
           8                    65  4.881125911086920205196345711251662E-0016
           8                    66  6.070289664255590753729688769418370E-0016
           8                    67  3.499774663781339700255093705548269E-0016
           8                    68  3.098912418486319026494648607265966E-0016
           8                    69  8.520039151544563892635193786182135E-0016
           8                    70  7.073954517393994073002722538304708E-0016
           8                    71  1.068907286626892022173938366533010E-0015
           8                    72  6.702403978185328472396358910014325E-0016
           8                    73  5.233272375528906281197377646955176E-0016
           8                    74  8.489279251565754966585134037122121E-0016
           8                    75  1.771060150386934613656933057256997E-0015
           8                    76  2.397182416019897519430050608924583E-0015
           8                    77  2.788286376678825065423087120008656E-0015
           8                    78  1.135355985754915192334555411577743E-0015
           8                    79  2.301868259996161191049276568529451E-0015
           8                    80  1.024766209389849080956642871104476E-0015
           8                    81  5.076262002999267500467113160818716E-0016
           8                    82  1.390169314351999080412266305621165E-0015
           8                    83  2.043504254700678757195747105777301E-0015
           8                    84  3.654298259494904668635033173033847E-0015
           8                    85  2.221874645054058686658884094181734E-0015
           8                    86  4.725729659015376080101747600739129E-0015
           8                    87  8.889759937120685918922255153359505E-0016
           8                    88  4.935557099610004325211091875735905E-0016
           8                    89  1.214815615368040446000128973009844E-0015
           8                    90  1.136476458208624796533599303274937E-0015
           8                    91  2.974707629184096886426160132874192E-0015
           8                    92  3.741911671821710520471556666641314E-0015
           8                    93  1.801668879797030327300392138418587E-0015
           8                    94  1.042601006283661357574001486715140E-0015
           8                    95  4.255660151760534254719346653154500E-0015
           8                    96  2.068983005754088111432142457685107E-0015
           8                    97  6.207609598173541584925687270191544E-0015
           8                    98  6.126207384179776466032755135295770E-0016
           8                    99  8.825418516136077954994608951219325E-0016
           8                   100  4.290665045481034667364947164838465E-0016
           8                   101  1.033776323756512114223740814726346E-0015
           8                   102  1.617289499490337947457774916614807E-0015
           8                   103  2.489833447291565794163353300409953E-0015
           8                   104  2.133599530614983077144219632773606E-0015
           8                   105  3.344150353460203664936889991432121E-0015
           8                   106  4.360947530763393117777245889763653E-0015
           8                   107  3.818483042741508393794487458057916E-0015
           8                   108  5.808994617633260830831526386915150E-0015
           8                   109  6.261062641839997267956897648848298E-0015
           8                   110  5.430005618698826705424518282920630E-0016
           8                   111  1.329321091695692059267573238273392E-0015
           8                   112  2.052374798597606078196098620488966E-0015
           8                   113  3.421933950554072436978233371069229E-0015
           8                   114  2.075003180974994464981243933256977E-0015
           8                   115  3.888827665684981065671698579305293E-0015
           8                   116  4.301037495506358058711561186211349E-0015
           8                   117  2.455552973682485987607623148356858E-0015
           8                   118  3.621940906329100798904700204677191E-0015
           8                   119  1.074304656917040193751826267320665E-0015
           8                   120  3.846272259022676109902451277084253E-0015
           8                   121  1.351751011400208351306783650040137E-0015
           8                   122  1.962504416567024272660585553416786E-0015
           8                   123  1.800741692164184606723993385644415E-0015
           8                   124  3.539899108606994838226411121919135E-0015
           8                   125  3.068642562276124863303051584372985E-0015
           8                   126  2.043600628227121913191392843701804E-0015
           8                   127  5.061868465940449816231167665593752E-0015
           8                   128  4.465605131769717628387184049643110E-0015
           8                   129  4.445255802128180222952881384424377E-0015
           8                   130  3.099630594928835482534513862873699E-0015
           8                   131  2.233507674984528286965052943987904E-0015
           8                   132  3.691046924472555481962761997464221E-0015
           8                   133  2.779776982949947720203542434741620E-0015
           8                   134  1.436027395669248362382852681064050E-0015
           8                   135  1.380407229233639814682169640341825E-0015
           8                   136  3.650725555193190530196787616788677E-0015
           8                   137  2.150765879262719143303016273837645E-0015
           8                   138  4.047914378892025122645600380069769E-0015
           8                   139  1.010190008182578853912934075645154E-0014
           8                   140  5.326951677383665436810684471802887E-0015
           8                   141  2.579053991645858990003560346918216E-0015
           8                   142  7.564670965140847779097657817766740E-0015
           8                   143  1.528745444020987650695787363964398E-0015
           8                   144  6.632408019781784365870618048174435E-0015
           8                   145  7.363943523203111589769537106468186E-0015
           8                   146  1.429738401777378772742645089740686E-0015
           8                   147  5.634116331073285237459378357302624E-0015
           8                   148  1.004934401409069341462791809201077E-0015
           8                   149  6.181902491772919671069091554991510E-0015
           8                   150  1.382444467543406416462443212806960E-0015
           8                   151  5.878426424808267542693614644965754E-0015
           8                   152  3.105223497925167994017619876101308E-0015
           8                   153  4.160966687400028839118862053507130E-0015
           8                   154  4.966146924898729432021909986536996E-0015
           8                   155  4.819408760958765469694019448950035E-0015
           8                   156  1.560560118789377898464531676818785E-0015
           8                   157  8.020652057993934297764061206486432E-0015
           8                   158  2.472422625371312735155543354145683E-0015
           8                   159  7.807384848686597959650482675960794E-0015
           8                   160  2.740570357456784122997234383043070E-0015
           8                   161  1.584278326034417065389358574600705E-0015
           8                   162  2.293668513007902012382740130128568E-0015
           8                   163  4.500883731838548011918888731183012E-0015
           8                   164  7.940834219852052148388016916507340E-0015
           8                   165  3.293840336947684401622976487261880E-0015
           8                   166  2.106148508789370755937023848772161E-0015
           8                   167  1.410697078522589941945701154731705E-0015
           8                   168  3.275343048321282448391699003340789E-0015
           8                   169  9.641378493923944289071993409718425E-0016
           8                   170  2.803828452093442786646194142273273E-0015
           8                   171  4.503271131563675207443224616776153E-0015
           8                   172  4.563416677769780893580341087975218E-0015
           8                   173  1.090908873457981842172290884314146E-0015
           8                   174  7.090677223217624352379966800650638E-0015
           8                   175  8.777505649752856465865572867241558E-0016
           8                   176  3.885938288322227601206349875617452E-0015
           8                   177  7.206291236996568583067156799486136E-0015
           8                   178  1.747364224830694648649854048876477E-0015
           8                   179  3.363289628177916172530453423330654E-0015
           8                   180  6.420674177517090204960453775881014E-0015
           8                   181  1.801548004346438373107688223381459E-0015
           8                   182  1.586993662246808586076249057720769E-0014
           8                   183  4.786769458833122099070713801401851E-0015
           8                   184  6.661635124867750489437714076506816E-0015
           8                   185  1.445285801698442223577055184956113E-0014
           8                   186  9.371871558375603179322284984184988E-0015
           8                   187  2.366737970192314406402665744884717E-0015
           8                   188  9.446473597441830198740819676351492E-0015
           8                   189  5.347766982330723648296618330340587E-0015
           8                   190  1.082107265635173495127367384136647E-0014
           8                   191  3.374509489063228320734706334979680E-0015
           8                   192  3.728693243922054367821853936131296E-0015
           8                   193  9.145268523098576324998025158578599E-0016
           8                   194  2.501271350782529913150873998353144E-0015
           8                   195  7.356297865947885087792050150067787E-0015
           8                   196  8.049794001725814641234056914747184E-0015
           8                   197  2.561578980516006008962437503794990E-0015
           8                   198  4.687726602795740175237739267387537E-0015
           8                   199  1.516432062974297466202630541300270E-0014
           8                   200  4.305729904563460053164288708521157E-0015
           8                   201  1.331488298555756476966122986555182E-0014
           8                   202  6.170681917858875455734247225838535E-0015
           8                   203  1.029932245810333460339591091487677E-0014
           8                   204  6.030226439138047206633928912586225E-0015
           8                   205  1.012174338246513285389962989067300E-0014
           8                   206  1.238960980061391650408479070118749E-0014
           8                   207  7.817464302036303323320796555668843E-0015
           8                   208  5.489257219177128960655207553652132E-0015
           8                   209  3.100458846244278719208785205017250E-0015
           8                   210  3.403968771945338689289460586959988E-0015
           8                   211  1.197018803851488989224387407892561E-0014
           8                   212  1.018856693850460165447560165645184E-0014
           8                   213  1.528443522887726271561224613142520E-0015
           8                   214  3.933631393097819350692338837346632E-0015
           8                   215  6.565120701595725185410314607147285E-0015
           8                   216  1.434236040759729180894083439852524E-0014
           8                   217  2.757295000360729987893188758564554E-0015
           8                   218  1.456295583614247050786806176939300E-0014
           8                   219  2.445399854275040069525284677328977E-0015
           8                   220  1.666044196541543504446360123527621E-0015
           8                   221  3.758422080089316464817787772015179E-0015
           8                   222  4.601888333443896123709127463652468E-0015
           8                   223  1.880278963919542218621995984907988E-0015
           8                   224  1.235243925994706464570090044255729E-0014
           8                   225  2.291805360028953134728283804266568E-0015
           8                   226  1.141599259814317577415255379489760E-0014
           8                   227  2.442864588096231896646374688979469E-0015
           8                   228  2.527864717654809141314967583413460E-0015
           8                   229  8.019001674476726417593724116078156E-0015
           8                   230  8.794904523203718688735597155275110E-0015
           8                   231  8.539405549126871517006670874108754E-0015
           8                   232  1.122041150600781382245950451900300E-0014
           8                   233  8.713527187579201456729641988666631E-0015
           8                   234  2.880361458858636611870698336727409E-0015
           8                   235  1.183431780781636835951429342312149E-0014
           8                   236  1.223154625489727176002512713214628E-0014
           8                   237  1.394683638971583738707140189225237E-0014
           8                   238  1.628899148501236230194438111667405E-0014
           8                   239  1.204868158405579020041508342517962E-0014
           8                   240  2.380274796709436202493420615789963E-0015
           8                   241  1.905232806802087963550357007485818E-0015
           8                   242  5.197671524165714920444299173194320E-0015
           8                   243  4.063001689167085752736181955341879E-0015
           8                   244  1.690935571777155644681252418332616E-0014
           8                   245  2.019951984149881076609768169342920E-0015
           8                   246  5.577058664319326185241755510772020E-0015
           8                   247  8.986362739183570728367497688443798E-0015
           8                   248  2.843830821592212422195877964539979E-0015
           8                   249  1.207096183940944899812670977424047E-0014
           8                   250  5.993032459183922355834199930908316E-0015
           8                   251  1.312290319018376056684781265875074E-0014
           8                   252  5.403512183554771996910946003517728E-0015
           8                   253  5.748777186714455377421382027588369E-0015
           8                   254  2.706406395474684944051890633312049E-0015
           8                   255  4.495274165507758399992913255846220E-0015
           8                   256  1.601410654474347272646639339654939E-0014
           8                   257  6.841980573217710859904566994047164E-0015
           8                   258  7.473275243951305096888769355114751E-0015
           8                   259  1.851224055269779620821697287266994E-0014
           8                   260  4.052502113674061520765101708043346E-0015
           8                   261  2.660598400545172776473802977923379E-0014
           8                   262  5.746891381383424900424239964115810E-0015
           8                   263  1.446943899456065676354282782662715E-0014
           8                   264  7.483518771873710741084162625217399E-0015
           8                   265  1.944770667880719560225939156701475E-0014
           8                   266  2.150200998089778934848727091657842E-0014
           8                   267  3.920767749687332180037716975082982E-0014
           8                   268  7.190922362644175971769278128404242E-0015
           8                   269  2.302380940536322088718845436225824E-0014
           8                   270  3.158758465222783367764586628372438E-0015
           8                   271  7.005477431256916973981797089425608E-0015
           8                   272  3.093856059704049258673473194893059E-0015
           8                   273  7.262883509756971517993389173075105E-0015
           8                   274  3.067158405044705479879544166540025E-0014
           8                   275  5.883432945375976042999733894960490E-0015
           8                   276  1.694853433825774206866984163980939E-0014
           8                   277  2.978693694164843240437611904640007E-0015
           8                   278  8.093930094586395784850102834200743E-0015
           8                   279  7.315897484171832023115053787510448E-0015
           8                   280  2.103728897433804994370720456215280E-0014
           8                   281  8.413256445978622814593758330062966E-0015
           8                   282  8.123139486217838513728432301066318E-0015
           8                   283  1.352628869727403962028266188216989E-0014
           8                   284  5.949199189374015942388755944039172E-0015
           8                   285  3.290512051431318091570388134473350E-0014
           8                   286  7.394947596752272773947049921637729E-0015
           8                   287  9.766885603839560799206059540502906E-0015
           8                   288  1.625467971304537610305878346235787E-0014
           8                   289  9.414228755936123265581076065577227E-0015
           8                   290  5.214448004464332601810464174357515E-0015
           8                   291  1.309209587330728336670797966262673E-0014
           8                   292  2.833502827035398300814077097228353E-0015
           8                   293  1.389514244327164793550690317328702E-0014
           8                   294  6.384262553323128346929979375225717E-0015
           8                   295  1.962513690868923279756292789900919E-0014
           8                   296  1.010600814978711780235218175593139E-0014
           8                   297  1.402020206819384842325520056707154E-0014
           8                   298  1.440169758243832466970442699602424E-0014
           8                   299  6.444454704623235760761766075827511E-0015
           8                   300  1.162837187651533099599875368384819E-0014
           8                   301  1.515757140741497088950373887398413E-0014
           8                   302  2.296996323142323062719073177284606E-0014
           8                   303  1.127470594836234962584867521102922E-0014
           8                   304  1.799661930280982855347617885090286E-0015
           8                   305  2.705934922031673833843622764369322E-0015
           8                   306  2.152742513117802577296773289410933E-0014
           8                   307  1.582697141775333141408417826008185E-0014
           8                   308  4.995128001897280609870207799387617E-0015
           8                   309  6.577428618839329704543258948269956E-0015
           8                   310  5.404308300371805063715051646616627E-0015
           8                   311  1.422703198774606074242970552312667E-0014
           8                   312  3.828480002396830178819228537933966E-0015
           8                   313  8.236663813725091511254909086302790E-0015
           8                   314  4.528586297249671525996783606544083E-0015
           8                   315  4.693108522879090007038651647100697E-0015
           8                   316  6.809710528851673887943641114650981E-0015
           8                   317  2.480528297005798924747715667967476E-0014
           8                   318  3.723483567247241669504702932607714E-0014
           8                   319  4.715738236737036605565326390248835E-0015
           8                   320  2.058151690525686361430298708608216E-0014
           8                   321  8.670203451457163160606680345316072E-0015
           8                   322  7.298318372183646546959576833885085E-0015
           8                   323  8.269784000500958764316576589434407E-0015
           8                   324  6.038065731763502798835760188196995E-0015
           8                   325  1.218286822919527441382078376816949E-0014
           8                   326  2.158487819505538075744920852351646E-0014
           8                   327  8.369002324736649398764548779533892E-0015
           8                   328  3.033877455662853519446696791740650E-0014
           8                   329  8.450764731273005848839468922174231E-0015
           8                   330  4.531651381178458935784530239714148E-0015
           8                   331  3.474536347625883304743433833828698E-0014
           8                   332  5.382172880358013047511905326414414E-0015
           8                   333  1.360558107569669789576783312924371E-0014
           8                   334  4.641120786097016428838448419382655E-0015
           8                   335  5.114683494343565248489894689912815E-0015
           8                   336  9.797907927697191432490041536497103E-0015
           8                   337  1.718931830043271044550697366964692E-0014
           8                   338  2.722458984704325232896557300355912E-0014
           8                   339  4.257937445745020471464407220735769E-0015
           8                   340  2.690686020419366308765089686021090E-0015
           8                   341  3.450527171364323536924411517898342E-0015
           8                   342  1.730904159605217584737786969884805E-0015
           8                   343  1.236408099930935068893101908223720E-0014
           8                   344  2.668076313823721377076654955798569E-0014
           8                   345  5.846975983091618405989976689638381E-0015
           8                   346  1.241240521974137232654135751228285E-0014
           8                   347  5.672859207114077729824961608187489E-0015
           8                   348  2.353734998054075574512527067907532E-0014
           8                   349  2.159732715812873803097240437790596E-0014
           8                   350  1.452359066345110250040274789997326E-0014
           8                   351  1.917666622996181124183076984716088E-0014
           8                   352  1.178385023139613616577896996064133E-0014
           8                   353  7.361768379349948568268665419984941E-0015
           8                   354  2.275082120694219048187355966182901E-0014
           8                   355  1.779557918677144512751349859559951E-0015
           8                   356  1.728163200089988062412565806385056E-0014
           8                   357  1.083033258793136962242857593079446E-0014
           8                   358  1.466940681861330034192592223893510E-0014
           8                   359  4.975690709053063886946985382384990E-0015
           8                   360  1.245484835057930617095454287519734E-0014
           8                   361  2.870750632440323347896919897783320E-0014
           8                   362  8.515720133779975469583094196925237E-0015
           8                   363  1.890000581429562475558945752392473E-0014
           8                   364  1.833503229622427362950373363250690E-0014
           8                   365  9.096270622483782333413264357374372E-0015
           8                   366  8.315533908389079941359558143001683E-0015
           8                   367  2.791097398804603205075567060966105E-0014
           8                   368  3.751209766083333761192454176469796E-0014
           8                   369  2.653842146226744407052618669326383E-0014
           8                   370  1.111003626113563748934931477149472E-0014
           8                   371  3.392268473273796184405731044021739E-0014
           8                   372  2.011560977339044273304329607603385E-0014
           8                   373  1.891985138230939139897602478181152E-0015
           8                   374  1.774187855268021442171088859844550E-0014
           8                   375  1.329806938023104913152717655647065E-0014
           8                   376  2.507944862053547470766933095180417E-0014
           8                   377  6.998141382625205481467875056238855E-0015
           8                   378  2.058516344831422196279706428750411E-0014
           8                   379  2.004833080368436680172927514004335E-0014
           8                   380  2.212355732639226246757558010564168E-0014
           8                   381  2.759816994904397074871474490230583E-0014
           8                   382  3.954453293800458853959441011359143E-0015
           8                   383  6.432746785547247206788172522207623E-0015
           8                   384  2.945718687963165549616925621554394E-0014
           8                   385  2.465336511776432710623826122086761E-0014
           8                   386  8.270819981684944108727674353740079E-0015
           8                   387  6.820691885786937655537227757665155E-0014
           8                   388  3.500090864511428454923565049872129E-0014
           8                   389  2.614735220713228615150088127773866E-0014
           8                   390  2.961418614784616938806771797453194E-0014
           8                   391  5.473380322964595658124391989706402E-0014
           8                   392  1.191987578298777140221621760129536E-0014
           8                   393  5.125645892396462542235426787930678E-0015
           8                   394  7.486121009964462822213300985021884E-0014
           8                   395  1.281611617991788906711291913345767E-0014
           8                   396  9.539552586137360550607975207451855E-0015
           8                   397  1.638764540239675241179234816686912E-0014
           8                   398  6.456225845274741399957598808802139E-0015
           8                   399  4.732432812724586466070679591186936E-0014
           8                   400  9.507477270742636932263470881818824E-0015
           8                   401  1.708742963728460433695352606205135E-0014
           8                   402  3.246129353433027761108278444261159E-0014
           8                   403  1.753418242210904047393128277911654E-0014
           8                   404  6.012933507471227589704856666092080E-0014
           8                   405  5.613834723295814142936999329734090E-0015
           8                   406  3.583081594153105753846627320391719E-0014
           8                   407  4.855380298098669058333339772382866E-0014
           8                   408  1.237918443202547807651239774366530E-0014
           8                   409  1.166095329166877509556337482517406E-0014
           8                   410  6.549523893971617222534264170985873E-0015
           8                   411  8.498063661415368062629983181848591E-0015
           8                   412  1.312732946136386399601765467568910E-0014
           8                   413  1.091684081905149421105830706824092E-0014
           8                   414  4.028067193905554968309710214872584E-0014
           8                   415  1.505404423106822682795433974195921E-0014
           8                   416  2.259298626563255242090586141656923E-0014
           8                   417  8.702236157229317113326171414550986E-0015
           8                   418  5.064838828608778616435108046241342E-0014
           8                   419  2.373818013714188347905897160925161E-0014
           8                   420  1.233244265794117435460428004739062E-0014
           8                   421  2.301884929698284591858224871278974E-0014
           8                   422  1.661375092264604809227014510892123E-0014
           8                   423  1.242049616359291490079188579439644E-0014
           8                   424  1.552878325960495167286526559581789E-0014
           8                   425  5.153634259543150118160561778235914E-0014
           8                   426  4.034488216216238037869944778372162E-0015
           8                   427  3.835140575040591214640338807593019E-0014
           8                   428  1.054854744895132784551017792457851E-0014
           8                   429  2.000721182064398310780932985146873E-0014
           8                   430  3.584486147823176602923621414358984E-0014
           8                   431  3.280774442074726493690233495127281E-0014
           8                   432  1.056373004230643676912290518899643E-0014
           8                   433  4.695961866259833987558116716464919E-0015
           8                   434  1.290249049594492716067926884135563E-0014
           8                   435  4.242805021746349488781426054882413E-0014
           8                   436  4.867478611355330579366421349991844E-0015
           8                   437  2.547512870799980986805440036965995E-0015
           8                   438  4.061784000264782519859824307512442E-0015
           8                   439  1.074447711737131660128537227174656E-0014
           8                   440  3.022648311914161764147951929428367E-0015
           8                   441  1.725041673501927921395026143236103E-0014
           8                   442  8.227604079119724824944860513070951E-0015
           8                   443  2.963449161728297788141957484813901E-0014
           8                   444  5.230077263289382742136612004799398E-0015
           8                   445  7.378568865574721100941284046896531E-0015
           8                   446  2.719081130065600913949569794794268E-0014
           8                   447  9.708477923836121293968984144255978E-0015
           8                   448  7.259385324542893694726987556205911E-0014
           8                   449  1.351671409662309551921433992256307E-0014
           8                   450  8.876771809890943782445165633855927E-0015
           8                   451  4.133099058280352091397350028114490E-0015
           8                   452  5.627084377151491986875255594020756E-0015
           8                   453  1.046843291330081872363869578601210E-0014
           8                   454  5.687450496477784432045481698312556E-0015
           8                   455  1.281879059554803511623577945972873E-0014
           8                   456  4.491765690900990120910541349099256E-0015
           8                   457  8.510358021661329900566515960278055E-0015
           8                   458  1.197370367020883852279721391235636E-0014
           8                   459  9.203445958921197957362728850293501E-0015
           8                   460  3.692925720656719365905493493256010E-0014
           8                   461  6.833857765080116900771615882970565E-0015
           8                   462  6.514872831097000891470676384183027E-0015
           8                   463  8.530948291818208368706364098821874E-0015
           8                   464  2.218810695933022578963895034824709E-0014
           8                   465  1.953951300341545309600693663614637E-0014
           8                   466  4.379876736686580122291191973584693E-0014
           8                   467  1.075028411727228448098794298627735E-0014
           8                   468  2.045139453977232535960311024424274E-0014
           8                   469  1.169339416787933420745385660736858E-0014
           8                   470  3.718711767302379866012800592377540E-0014
           8                   471  1.299984696692031590660409747221304E-0014
           8                   472  5.002880071989310821625775374834961E-0015
           8                   473  3.299866087891392444688300949735952E-0014
           8                   474  6.570300207408322435336519179300734E-0014
           8                   475  8.385733070541124050918805599822807E-0015
           8                   476  1.335552438273261719566842440421357E-0014
           8                   477  4.015226597517017433868451301598341E-0014
           8                   478  1.481622730515560588075936581161067E-0014
           8                   479  2.904123919370159496165007108784969E-0014
           8                   480  3.521002210858196572000731810299878E-0014
           8                   481  5.362716309510875569013662591212706E-0014
           8                   482  1.607406559602316557506167958010516E-0014
           8                   483  1.678515212989687757030840400698501E-0014
           8                   484  2.581766100407523006579902835304930E-0014
           8                   485  5.412897515191352331594772297570453E-0015
           8                   486  1.105091045107311779472439475862903E-0014
           8                   487  2.003666960640041636253929468927615E-0014
           8                   488  1.376018421459941561423654308098538E-0014
           8                   489  5.184427611515240152245220052220598E-0015
           8                   490  1.723005595909183351957943561838083E-0014
           8                   491  3.424292117539146413154265015452159E-0014
           8                   492  2.933298664516915920681715077862478E-0014
           8                   493  2.774794001736751458281565952576649E-0014
           8                   494  7.044024770938018565213050505055129E-0015
           8                   495  1.568452190664959620300198605959704E-0014
           8                   496  2.895352720878337092795076509120349E-0014
           8                   497  3.193233424997902279407117200042137E-0014
           8                   498  4.439510763973721336686769133942427E-0014
           8                   499  3.494624081873587796078616644643492E-0014
           8                   500  2.418057913622373433772441922592978E-0015
           8                   501  2.244244922984711935639971561281988E-0014
           8                   502  2.152710217275744987796492353598959E-0014
           8                   503  2.089543746778014709475653705846557E-0014
           8                   504  3.217038253102198120734950424014625E-0015
           8                   505  3.299055370196388527781750462972679E-0014
           8                   506  4.206513986775198880561834909249653E-0014
           8                   507  6.395948807973279752572518914688746E-0014
           8                   508  3.257966915441581398353911565433724E-0014
           8                   509  3.964613658029143406740367698380440E-0015
           8                   510  7.931561551415114280049132948113879E-0015
           8                   511  7.255533276404454322888617615022104E-0015
           8                   512  1.339630124631016952485573767717142E-0014
           8                   513  2.407029790426998574631548851137518E-0014
           8                   514  3.355344713770995452205025691955259E-0014
           8                   515  5.698960778040406261541931646294402E-0015
           8                   516  5.453447585981207295986582700099170E-0014
           8                   517  3.035828115261660231895449767812564E-0014
           8                   518  1.772647214376571369070020055643377E-0014
           8                   519  7.009142570699264001914277433314774E-0015
           8                   520  3.744664459324604105076305739070997E-0014
           8                   521  1.683790010684197417138755895792495E-0014
           8                   522  6.010980471553024337003777297884444E-0014
           8                   523  3.472435927959978206647538000410142E-0014
           8                   524  2.805605342804774697053417571968619E-0014
           8                   525  5.912805463502225831819366455040568E-0014
           8                   526  4.737679746098033930717496166187342E-0014
           8                   527  1.111336153898269025433812048202464E-0014
           8                   528  1.911721123365630065238852607725957E-0014
           8                   529  2.615892989776404862396207869681995E-0014
           8                   530  4.757151294677407556538793511843866E-0014
           8                   531  4.676673565369168820102423969279217E-0014
           8                   532  6.957573484554748560207019198096699E-0014
           8                   533  3.318408842479588509967530927452288E-0014
           8                   534  2.334223457579579665319448171065411E-0014
           8                   535  3.610136957354799827129798227823692E-0014
           8                   536  2.680649826152810352903304040499736E-0014
           8                   537  9.673971065215842221713315847051361E-0015
           8                   538  3.245788745661062634776585220510710E-0014
           8                   539  6.521343066669799445964955702124794E-0014
           8                   540  1.443067804419464034082178355606496E-0014
           8                   541  4.674216614567680874044918811112669E-0014
           8                   542  7.609016862542784650504987128055642E-0014
           8                   543  2.594467325971477592542847182450370E-0014
           8                   544  1.282928458627299709229034282468184E-0014
           8                   545  2.659778138052630491433649915605355E-0014
           8                   546  8.508505191309204433504723694895498E-0015
           8                   547  4.188434017146042426339060407155330E-0014
           8                   548  4.330404768851771624658462199073552E-0014
           8                   549  6.433824898163115475370871540806252E-0014
           8                   550  5.282091879647992424562695501831573E-0015
           8                   551  1.596176018027775708815098876537367E-0014
           8                   552  4.610985781436955213498026950549976E-0014
           8                   553  4.036989420545602932333533361438470E-0014
           8                   554  5.136547485924575478684491177362811E-0014
           8                   555  3.661596467504886070500328343316483E-0014
           8                   556  3.498117235402101916039842995705800E-0014
           8                   557  5.123269178897860308706068190805687E-0015
           8                   558  1.572103941565540226334581483296891E-0014
           8                   559  1.978409344232878017379639630758278E-0014
           8                   560  2.001949552357506705165620669770053E-0014
           8                   561  1.023843342685026838373111492014891E-0014
           8                   562  6.658690340843935052443911039221349E-0014
           8                   563  5.675508045573473767714949819801015E-0014
           8                   564  2.903519984714095324046043247769617E-0014
           8                   565  5.632498216605391971584617879808402E-0014
           8                   566  4.253908714593265403060181013713102E-0014
           8                   567  2.365973057169582757801297148648425E-0014
           8                   568  5.367157509764580646892235204854870E-0014
           8                   569  2.265246614020825517305902844558768E-0014
           8                   570  1.467743376197235221407588196024011E-0014
           8                   571  5.156455679579287100102682264279815E-0014
           8                   572  9.052121122473946931866272004005864E-0015
           8                   573  5.781227062603284772845314006709513E-0014
           8                   574  2.422765125618677453278877487597326E-0014
           8                   575  1.675819259078320595705049449300850E-0014
           8                   576  3.547882842849811436806442638044619E-0014
           8                   577  2.116249248689310522284212822071300E-0015
           8                   578  1.326328710390215240395450281159387E-0014
           8                   579  4.981906473363792476034152174990923E-0014
           8                   580  1.053295267727150467048213432648956E-0014
           8                   581  2.459619795678460549353115603521960E-0014
           8                   582  1.779442754490913158502651338159288E-0014
           8                   583  2.451409622676783402245874058762162E-0014
           8                   584  4.344223628760212053057079597691764E-0015
           8                   585  3.145685205078081451042222171190760E-0014
           8                   586  1.102999359285105491396948051761950E-0013
           8                   587  1.027004778423284109125700907055637E-0013
           8                   588  2.863509738165661536503330949432828E-0014
           8                   589  1.034451381874409940165608288436461E-0013
           8                   590  1.821836310518206354650365550316484E-0014
           8                   591  7.184321502589818887195559040209677E-0014
           8                   592  1.086411865015289041243415792919492E-0014
           8                   593  5.364626133122042464401665435037798E-0014
           8                   594  3.093922319982040860925853843706138E-0014
           8                   595  2.541674999552679490561307366490321E-0014
           8                   596  3.346026470205117651662255014307073E-0014
           8                   597  2.291609439166532469870765546790667E-0014
           8                   598  2.437469865397985193460837616559807E-0014
           8                   599  6.571520921160699429794553162890294E-0014
           8                   600  4.905773017272370880214212010763694E-0014
           8                   601  2.050860809980582398217421375316058E-0014
           8                   602  5.943688664860228092389727553886177E-0014
           8                   603  2.499872099104478537198101831239653E-0014
           8                   604  1.479384417708315156470915761193629E-0014
           8                   605  1.823198816814350934471642187618395E-0014
           8                   606  1.120723901957527771208646722858616E-0013
           8                   607  7.198145076571609770203037943278275E-0014
           8                   608  5.480345573879503630112893982053667E-0014
           8                   609  7.157805324780698620110299881869770E-0014
           8                   610  9.175853497343807130969267231171647E-0015
           8                   611  1.405419357310740523735012308613698E-0014
           8                   612  2.731461960833155982112438069035713E-0014
           8                   613  1.734021486022060770253503242620935E-0014
           8                   614  9.665872958240485696019264918836889E-0015
           8                   615  1.475034867854978622639399864938863E-0014
           8                   616  3.891601871820064136737366574938233E-0014
           8                   617  5.855470072605323180813096407417556E-0014
           8                   618  2.946473367455341030593490409116082E-0014
           8                   619  1.505467577920299986625701460211725E-0014
           8                   620  5.606631915367303200858367463757722E-0015
           8                   621  3.938233135000732601743024896334017E-0014
           8                   622  1.079757163846639145137993573003942E-0014
           8                   623  4.316178720096838786979031624771280E-0015
           8                   624  1.094300890220953550789951200958923E-0014
           8                   625  3.764859812793730498016753424041054E-0014
           8                   626  1.241581392021654698318693874850612E-0014
           8                   627  4.058880466245133102273951955557809E-0014
           8                   628  2.316320010168041376650923902067459E-0014
           8                   629  2.650365477893484857985420039304683E-0014
           8                   630  2.699603589064278110306954837743367E-0014
           8                   631  5.824216200118227274950534220398187E-0014
           8                   632  9.118456132867154642857507156006490E-0015
           8                   633  2.934579703712876631262192041514479E-0014
           8                   634  6.162718972534737542294020831726502E-0014
           8                   635  9.603995966076458041678481359113100E-0015
           8                   636  5.656675671908382778083843233419474E-0014
           8                   637  3.244362427957710023064476022756400E-0014
           8                   638  1.109852390622305304501667044613650E-0014
           8                   639  4.222509373993142990790196206211096E-0014
           8                   640  5.871771913633881678771133843061588E-0014
           8                   641  2.400346717791235692038200183240253E-0014
           8                   642  1.102632765760085918783120406427527E-0014
           8                   643  2.997722996857565444909916507148710E-0014
           8                   644  4.785284844414781094039122302986944E-0014
           8                   645  8.950554080771399953082261397594133E-0015
           8                   646  7.544757137213620449034330856062181E-0015
           8                   647  3.980043301522707710587058154440793E-0014
           8                   648  1.185752110740383806802217309673447E-0014
           8                   649  4.826115511975325108403984393663227E-0014
           8                   650  1.139559500448536702230277051483316E-0014
           8                   651  3.672644758929774586959206589683818E-0014
           8                   652  7.726003628985226580656982679074492E-0014
           8                   653  4.945204604785077096025381738802993E-0014
           8                   654  8.127305179460084128675206099972578E-0014
           8                   655  2.344641991395523549615697965223563E-0014
           8                   656  3.780721098179703963974040479645356E-0014
           8                   657  2.802916831719710830985479157429778E-0014
           8                   658  2.915508355255719933011372266277156E-0014
           8                   659  1.993551198583580088344264839739334E-0014
           8                   660  2.254844271129296655958881910868602E-0014
           8                   661  4.234141502018458378806993919002381E-0014
           8                   662  5.516263296892149268287320771461195E-0014
           8                   663  5.277833629850495719968573228896847E-0015
           8                   664  4.033133785003330067748348691182613E-0014
           8                   665  1.677445244739318416102359492756026E-0014
           8                   666  2.215473113004034343282462487376672E-0014
           8                   667  2.219196924810330755904977892609556E-0014
           8                   668  6.283246596420071496397309454254356E-0014
           8                   669  3.749599250765677353070628757176730E-0014
           8                   670  3.260263832847728984951840180382319E-0014
           8                   671  9.931086499400653764057189158020498E-0014
           8                   672  2.938937180847838620278646838655375E-0014
           8                   673  1.751003586730935923651876452441368E-0014
           8                   674  1.177289992571848811112086282824273E-0014
           8                   675  2.453446107540823027822773270308686E-0014
           8                   676  3.975841668033835360893679956276153E-0014
           8                   677  1.199399028058482724150320657477231E-0013
           8                   678  7.908084030506156140662594715489925E-0015
           8                   679  2.458282727094717244932916425002440E-0014
           8                   680  2.402653271650623256757890873023952E-0014
           8                   681  3.726453026738604378077333075022344E-0015
           8                   682  1.416682845387310281434962769690269E-0014
           8                   683  3.952964705379475347648514425281476E-0014
           8                   684  8.202279411381254052302859884549552E-0014
           8                   685  8.213886377377640012722158201705179E-0014
           8                   686  2.894444470606381594498454170787412E-0014
           8                   687  7.801990370898916030199684466004983E-0015
           8                   688  4.672978054453133974737065260301152E-0014
           8                   689  3.216653474576086419825728236911104E-0014
           8                   690  4.704305112979065324453453243060718E-0014
           8                   691  1.471112693644288753688955923541237E-0014
           8                   692  1.358415735341799103414084379573108E-0014
           8                   693  6.983231608611005865582396910755063E-0014
           8                   694  1.154247071892608792884979931905953E-0014
           8                   695  5.027376958477995480125493324225705E-0014
           8                   696  4.974847399352179671272572227926955E-0014
           8                   697  1.709627944503331067145914573885767E-0014
           8                   698  1.391517189468696465299557523553385E-0014
           8                   699  3.068111848743922001496667669834269E-0014
           8                   700  6.310177857668519685319132827498483E-0014
           8                   701  2.028208628943815366190985792693437E-0014
           8                   702  3.429696796424599731524784544633622E-0014
           8                   703  6.953195101195034541926107990700469E-0014
           8                   704  4.088517737306176185792585629797475E-0014
           8                   705  4.292413056200657254212214088500639E-0014
           8                   706  3.502241917260279585577799339414154E-0015
           8                   707  1.596692332560430690266117683084917E-0014
           8                   708  2.520048971277881690080139128963260E-0014
           8                   709  4.256350337269700288719122207623062E-0014
           8                   710  3.935057697091139136796301041702655E-0014
           8                   711  4.765019141392514167010039966287770E-0014
           8                   712  4.597635632948496402803410606544436E-0014
           8                   713  1.534838338633153138138185486644856E-0014
           8                   714  1.306878560542026384914018725158798E-0014
           8                   715  4.540895904484672976982766908380810E-0014
           8                   716  5.330435946668591658083614034857647E-0014
           8                   717  7.022080712736097614979387545749449E-0015
           8                   718  7.010388550809096742511994963989553E-0014
           8                   719  2.027210147164118500666069020511107E-0014
           8                   720  1.797994139681853821822579608718592E-0014
           8                   721  1.599626868064951440289670232150392E-0014
           8                   722  1.217338904172653151811877072048642E-0014
           8                   723  2.138324423116950689912751524713727E-0014
           8                   724  4.571738710053526624083783239209300E-0014
           8                   725  1.161710592426377775742720180259212E-0013
           8                   726  1.690716417572646000499967426770216E-0014
           8                   727  1.683308735837972752289437634939267E-0013
           8                   728  5.855384488952703829965778250908644E-0014
           8                   729  6.073370307202731038897054450059796E-0014
           8                   730  1.141991713241096805983210493498249E-0014
           8                   731  8.195530535887386721778210535339074E-0015
           8                   732  6.589351626195448682459012876700103E-0014
           8                   733  1.136606870018764537212455617881275E-0013
           8                   734  2.280809413684011684430852263665925E-0014
           8                   735  2.617795894791038855259167243659180E-0014
           8                   736  8.457023866539315047561702893559910E-0014
           8                   737  3.452524896330854257930510824060193E-0014
           8                   738  4.647498545954644769162956671044019E-0014
           8                   739  5.575043861195117718791004982507085E-0014
           8                   740  3.339598650876344491369838343710296E-0014
           8                   741  1.181935583036003621571917170906982E-0013
           8                   742  1.989876438624851660085770535066515E-0013
           8                   743  4.940539388171269799797937901907299E-0014
           8                   744  4.313074600571110180342054690276785E-0014
           8                   745  4.038395678328846511092273493184116E-0014
           8                   746  3.111585241960877280519734975061665E-0014
           8                   747  2.684737385411998570523399237662522E-0014
           8                   748  2.496260617302698556786899430127920E-0014
           8                   749  4.211076123477566912813085260946753E-0014
           8                   750  4.728602492204414531332207595815539E-0014
           8                   751  6.919781628433637699885666999631464E-0014
           8                   752  1.090797201289748786388508060852761E-0013
           8                   753  4.203144444931105198633719051156701E-0014
           8                   754  5.809976904375478204288827684998691E-0014
           8                   755  1.107969009953410835088948669236617E-0013
           8                   756  9.961089793355360901868306591689256E-0015
           8                   757  1.749947536384480103953515343167374E-0014
           8                   758  1.133551593940029536581201769098257E-0013
           8                   759  2.615046300979651122598116294670072E-0014
           8                   760  4.373017818428152245655090631555471E-0014
           8                   761  4.894665983435863303581993079819283E-0014
           8                   762  6.791643085673803259067582532668435E-0014
           8                   763  9.596709923064146137607861947543141E-0014
           8                   764  7.560086623267898262267736374836341E-0015
           8                   765  7.336006802027839057700431718968923E-0014
           8                   766  6.717649598711135390604774474946240E-0014
           8                   767  4.367039610788841260014662357381448E-0014
           8                   768  2.237994303751418980690631241580106E-0014
           8                   769  5.216679244833892469383183053597069E-0014
           8                   770  2.638990695567041703236861015030847E-0014
           8                   771  2.767509662242200815144685827126163E-0014
           8                   772  7.823673462149168287838202262658666E-0014
           8                   773  2.375358853211933233785480282027354E-0014
           8                   774  6.269522778458920138390201217977953E-0014
           8                   775  1.128077618436649292594933678447398E-0013
           8                   776  2.337171979362724878623971048384345E-0014
           8                   777  9.879591893793448256376449266824069E-0014
           8                   778  7.054797763940437442332643214103451E-0014
           8                   779  1.440982360089258590525907661771121E-0013
           8                   780  3.772841330884410751331474302792957E-0014
           8                   781  1.042448387679979942199385894688693E-0013
           8                   782  4.595321380382523508126421943263412E-0014
           8                   783  1.727331711559879747869463251033135E-0014
           8                   784  4.260746320581985057335186943731274E-0014
           8                   785  4.939438919450956587702121763300907E-0014
           8                   786  5.950018290082524955538175724114638E-0014
           8                   787  3.377516612679491738616938196869503E-0014
           8                   788  1.621787851120546037604303841201700E-0013
           8                   789  5.013820446650824462652766470274601E-0014
           8                   790  6.592982220072917388115359239958863E-0014
           8                   791  9.157997488819013326067286083268662E-0014
           8                   792  1.989056710667979030408949536196750E-0014
           8                   793  1.402703272668705751179442766614308E-0014
           8                   794  3.123040834870181904271315543290290E-0014
           8                   795  1.245396844441504249963250571574028E-0014
           8                   796  2.105100819368164078050453881689879E-0014
           8                   797  5.548515813034065760520155780756044E-0014
           8                   798  1.642403786571088999960053775423937E-0014
           8                   799  4.319010355165298830376787598574962E-0014
           8                   800  4.826639034196528177390387783692087E-0014
           8                   801  1.562904667004074851726084270723491E-0014
           8                   802  1.153423222412605427514879122132741E-0013
           8                   803  3.065701201697584927346766388654847E-0014
           8                   804  2.742096083191857998291413807598274E-0014
           8                   805  2.154651619107896539907684833924739E-0014
           8                   806  8.125331794603844166376422823882151E-0014
           8                   807  6.554921487751245840978904756959397E-0014
           8                   808  4.781572100353733940591015735852179E-0014
           8                   809  5.130467918848713407738829298161218E-0014
           8                   810  1.873373792984534540268618160411699E-0014
           8                   811  3.037681399606042057767379775196383E-0014
           8                   812  6.752844296225158449661215629501936E-0014
           8                   813  3.929794942249143874445876540387931E-0014
           8                   814  3.711992484416797703497039693890363E-0014
           8                   815  2.636044339922794554832930594000014E-0014
           8                   816  7.939687133984063010000810024396293E-0014
           8                   817  6.819299318599561071994564912744110E-0014
           8                   818  1.018858871168947587887792075390566E-0014
           8                   819  4.822651518313629440685917437498699E-0014
           8                   820  2.543461900063766313832411969344086E-0014
           8                   821  2.729061496939720154901170215555508E-0014
           8                   822  2.115038720796939860210770940014994E-0014
           8                   823  1.397960263859772260738065801357629E-0013
           8                   824  3.944599580864250494974517610027449E-0014
           8                   825  1.368816529871071285329231927110901E-0014
           8                   826  4.391902935248306015937095070957771E-0014
           8                   827  3.461821929816342977859554155757856E-0014
           8                   828  3.211376123304853556718896928563790E-0014
           8                   829  9.667233516418753580566808421285210E-0015
           8                   830  1.708311294778806960950890605255104E-0013
           8                   831  8.851468756503100572457952564252698E-0015
           8                   832  1.259667112465293511208384439567579E-0014
           8                   833  1.110446953373016613768220755225103E-0013
           8                   834  2.819541667696668819943997647680986E-0014
           8                   835  3.861488446513772241317235935768391E-0014
           8                   836  9.875898817833789439594403557589642E-0014
           8                   837  9.054252627791621544605274002174166E-0014
           8                   838  2.502008856526371717795782483193342E-0014
           8                   839  5.638665495280756807645612417632651E-0014
           8                   840  3.191823768747931431398493457464725E-0014
           8                   841  1.682902079158171410673325650175690E-0014
           8                   842  3.254882594263565802763739832899980E-0014
           8                   843  2.515080266061974058293040072997209E-0014
           8                   844  2.445191448032596076064953917889580E-0014
           8                   845  3.576143967780044534989160038832111E-0014
           8                   846  1.056187800630741504191197709758879E-0013
           8                   847  3.987801082735507686881135216049874E-0014
           8                   848  1.111419453687701609288293039808289E-0014
           8                   849  1.726390718591908202475516738462864E-0014
           8                   850  3.666103222193880506040603596031819E-0014
           8                   851  1.129222677774242301473430085644072E-0013
           8                   852  1.884552945184459630780983053570464E-0014
           8                   853  1.655539035957926225871015284172203E-0013
           8                   854  4.080377322538486110455848684343244E-0014
           8                   855  5.386998971089746843737195130004982E-0014
           8                   856  3.710257601906608442104929991107237E-0014
           8                   857  8.447179567514278711245753604709640E-0014
           8                   858  1.625719037523709624966038044712707E-0014
           8                   859  3.343377266113134838495746513871301E-0014
           8                   860  4.231874718153088726844597198489590E-0014
           8                   861  3.531445197232789487396625523936361E-0014
           8                   862  2.027945525881963456438899395975912E-0014
           8                   863  1.255295737801950249725235119208223E-0013
           8                   864  8.276211405853947552965397329675711E-0014
           8                   865  1.340742488230303425737334090630879E-0013
           8                   866  2.849111169579239350686416149288926E-0014
           8                   867  1.222597578551590533819478299073664E-0013
           8                   868  6.877327583469106518547275451500253E-0014
           8                   869  1.855300319283747703129299389693787E-0014
           8                   870  5.078917760098436461040479543858276E-0014
           8                   871  8.935377841464905591914599141323067E-0014
           8                   872  2.002829141981747517993518327701247E-0014
           8                   873  5.184753522013210952105508471048745E-0014
           8                   874  1.166644466542207156995200282972798E-0013
           8                   875  1.550185575143509757775323145955727E-0014
           8                   876  7.575870609831441895330535618691477E-0014
           8                   877  1.823630634286349343934271860397284E-0014
           8                   878  5.394483176643593354691560395547412E-0014
           8                   879  1.037191297032187436679215913403491E-0013
           8                   880  1.210159515112046244779830035017410E-0013
           8                   881  5.985215717424125118331514044901078E-0014
           8                   882  4.921698318916117549987481454677066E-0014
           8                   883  1.078482862365785888713730413106653E-0013
           8                   884  4.704835352968906965168572609122893E-0014
           8                   885  9.970543122996004859375957292320125E-0015
           8                   886  8.745462342769908327870657095475196E-0014
           8                   887  4.071905006170058113854286567751117E-0014
           8                   888  1.048982744435136780962714312271243E-0014
           8                   889  7.517564141572168950261866968365701E-0014
           8                   890  6.778027538422895982683548358304337E-0014
           8                   891  1.880039149572048535163984238599909E-0014
           8                   892  9.691485073392589396881495731367627E-0014
           8                   893  1.739704739189019160198229791604902E-0014
           8                   894  1.245201477486122011794916986697386E-0013
           8                   895  1.920755188054511702340891377642059E-0014
           8                   896  4.890348727957135120811499239909263E-0014
           8                   897  2.614314799573222983769858986573829E-0014
           8                   898  1.658825630857490432520628794433114E-0014
           8                   899  8.637918353032359701950871713744568E-0014
           8                   900  4.229506646534024009535293490599838E-0014
           8                   901  4.735111644948442671741534114446878E-0014
           8                   902  3.135745269436034416395621358501513E-0014
           8                   903  3.569852332517074810104998401068442E-0014
           8                   904  8.242229574497866812778011414645458E-0014
           8                   905  2.133775838072044054166223430021340E-0014
           8                   906  1.952578967832346893543417308523210E-0014
           8                   907  8.241751778513971556587333652139260E-0014
           8                   908  7.552966193085767803412068473190119E-0014
           8                   909  1.363872728790905564185294440162122E-0013
           8                   910  1.835264016842058338057775210481038E-0014
           8                   911  8.179236803646126251267482200186573E-0014
           8                   912  1.273275831865541710734782145349179E-0014
           8                   913  4.021287356248355524970423524483588E-0014
           8                   914  7.088547515992221466606601742443479E-0014
           8                   915  2.335639087708291014012721709677528E-0014
           8                   916  2.476977397186942532975294199753425E-0014
           8                   917  2.553957135877508586845805447769497E-0014
           8                   918  5.137999018279695687620717047148607E-0014
           8                   919  1.467267635242262495643631165418699E-0013
           8                   920  3.386967803706588385913904984139865E-0014
           8                   921  4.681655918851346162482820787590394E-0014
           8                   922  6.164327007272123064856258524424173E-0014
           8                   923  8.522495008450718678136302558636255E-0014
           8                   924  3.955778997365657781597107354147292E-0014
           8                   925  5.027031714642471206102097147485956E-0014
           8                   926  6.732269955656934904950160286254230E-0014
           8                   927  1.233590432545892334112993009050202E-0014
           8                   928  2.478223439846616275302139386637244E-0014
           8                   929  2.805774264439425411456555343432651E-0014
           8                   930  1.213715811135781518500870594572162E-0013
           8                   931  1.253001966655180023139092500136403E-0014
           8                   932  1.422562833531490295701380378587129E-0014
           8                   933  1.123538865682524914367607290500188E-0013
           8                   934  1.030966672770853505046565572803184E-0014
           8                   935  7.368974363603636416344490624003075E-0014
           8                   936  4.125662749949358197996720829224647E-0014
           8                   937  3.393108815614375610283352327518538E-0014
           8                   938  1.799014363227361343749110008470918E-0014
           8                   939  4.218699858686241462212502440501095E-0014
           8                   940  4.283333785731344333733944670247211E-0014
           8                   941  1.142660828138487795035827106207320E-0013
           8                   942  4.850480291804774041058185858009802E-0014
           8                   943  2.030298127264376089319959735608102E-0013
           8                   944  3.274198610455027215399997361798868E-0014
           8                   945  3.893121717695686936618136208929585E-0014
           8                   946  3.433918908769898577224254306178932E-0014
           8                   947  3.808318505029833050584476768581172E-0014
           8                   948  7.677540692500210993066908552995742E-0014
           8                   949  1.343280707272633715911124645742282E-0014
           8                   950  1.204669782816807077199859327401144E-0014
           8                   951  4.959619564406577314656778036481805E-0014
           8                   952  1.076054985657656090077244179337035E-0013
           8                   953  7.479759659523567520006000668439351E-0014
           8                   954  6.677648730672495177505284892060759E-0014
           8                   955  5.387506811978742502278687408040353E-0014
           8                   956  7.662773097578730069461859557328580E-0014
           8                   957  2.838584554696942130344904798824563E-0014
           8                   958  3.202554131768762450643056976039260E-0014
           8                   959  2.473518090566536927233190633482295E-0014
           8                   960  6.455443863562342528735977248662379E-0014
           8                   961  8.152729583502552863422810249830219E-0014
           8                   962  3.096839904292840920724011593189306E-0014
           8                   963  2.260899826748649458512477850598991E-0014
           8                   964  3.499840066218515781757527026758455E-0014
           8                   965  7.313635093519381323587473602520405E-0014
           8                   966  1.263107243920635500737407971554959E-0013
           8                   967  1.122586136028733595565389606553900E-0013
           8                   968  1.192047435529916107819456128883171E-0013
           8                   969  7.741627413337077363877257595853149E-0014
           8                   970  8.664448718027662952143938552964424E-0014
           8                   971  4.060000106520785655662192230250129E-0014
           8                   972  2.176357429227797245506460422928422E-0014
           8                   973  1.991695948487639750473045686013455E-0014
           8                   974  1.993465532757821565557417900262865E-0014
           8                   975  5.256599025704722678724705548081354E-0014
           8                   976  1.424701965613523095760126594263516E-0013
           8                   977  4.959505977649970902224889660737950E-0014
           8                   978  2.305164697963564100677660781043035E-0014
           8                   979  3.094041925533834232401366983577347E-0014
           8                   980  4.208092362910563290412141229241058E-0014
           8                   981  3.475527631916582254375230613189816E-0014
           8                   982  1.422948832342997442671928689802080E-0014
           8                   983  2.764217847922496849505383960637604E-0014
           8                   984  2.343533980224323802877538629984973E-0014
           8                   985  3.420566697532750431583814396788908E-0014
           8                   986  8.303552304275690673106092938133340E-0014
           8                   987  4.189262615145538269854355457865240E-0014
           8                   988  5.015345650684091154703408999660714E-0014
           8                   989  5.772354962818436245996056886867613E-0014
           8                   990  5.461781704692373486179820425009262E-0014
           8                   991  8.911202420170432872420794141225848E-0014
           8                   992  6.398723899066686307613834947622898E-0014
           8                   993  4.039129870251397204294829402164001E-0014
           8                   994  3.150277891797377861240216702170997E-0014
           8                   995  1.237062637807377036646383168909036E-0014
           8                   996  5.718494612732212380640340352327728E-0014
           8                   997  7.784785437478216269066273720449664E-0014
           8                   998  6.862287919404380664031114170245618E-0014
           8                   999  1.755197228839392413072605376821994E-0014
           8                  1000  1.091429229979623549695876361230868E-0013
