kind n error
          16                     3  0.000000000000000000000000000000000E+0000
          16                     4  6.018531076210112040799931070577898E-0035
          16                     5  5.296307347064898595903939342108550E-0035
          16                     6  0.000000000000000000000000000000000E+0000
          16                     7  5.502656983963531008731365550242649E-0035
          16                     8  2.407412430484044816319972428231159E-0035
          16                     9  5.216060266048763768693273594500845E-0035
          16                    10  2.238893560350161679177574358254978E-0034
          16                    11  1.039564458618110261592715366736182E-0034
          16                    12  5.216060266048763768693273594500845E-0035
          16                    13  1.083335593717820167343987592704022E-0034
          16                    14  2.544978855083133091538256566987225E-0034
          16                    15  2.246918268451775161898640933015749E-0035
          16                    16  3.009265538105056020399965535288949E-0035
          16                    17  7.222237291452134448959917284693477E-0035
          16                    18  2.872176774702492357248411549792452E-0034
          16                    19  7.919119837118568474736751408655128E-0035
          16                    20  1.065280000489189831221587799492288E-0034
          16                    21  4.757505517385136184632326465313958E-0035
          16                    22  5.052830408072762245162487585162444E-0034
          16                    23  1.216789978451174825639986064269010E-0033
          16                    24  1.396800753937096836135650669296620E-0034
          16                    25  4.537972431462424478763148027215735E-0034
          16                    26  2.067133942713703866320899402317716E-0034
          16                    27  9.629649721936179265279889712924637E-0035
          16                    28  3.873354642618079249114812781850490E-0034
          16                    29  9.110810836055997192797137034426542E-0035
          16                    30  4.742602488053568288150345683615383E-0034
          16                    31  7.206705598352237385628820688382308E-0034
          16                    32  3.423039549594501223204960796391179E-0034
          16                    33  1.410707208317733837442044449421819E-0034
          16                    34  1.524104487240266607979041368166932E-0034
          16                    35  1.098811816485217598306044558314079E-0034
          16                    36  3.590220968378115446560514437240566E-0034
          16                    37  2.343160544670450376965486677612827E-0034
          16                    38  1.834068154276660458749031626244528E-0034
          16                    39  8.000016692070056620386369915352776E-0034
          16                    40  9.771837518611643162243788084467040E-0034
          16                    41  6.009723469757121632935345805596565E-0034
          16                    42  1.829920043885788827643217137411423E-0034
          16                    43  6.706463174804826010114620866203255E-0034
          16                    44  3.886056088071120069980137311707229E-0034
          16                    45  2.751806153178290116432412928380894E-0034
          16                    46  2.129905812817922041569175606476904E-0033
          16                    47  6.349550285401668203043927279459682E-0034
          16                    48  8.343188704396267816558904446588611E-0034
          16                    49  5.840431687220220970204831069509776E-0034
          16                    50  7.854183054454196213243910047104157E-0034
          16                    51  7.622292592400218366966030349973067E-0034
          16                    52  8.796314649845548367322976180075389E-0035
          16                    53  4.402612260842755543807798634081229E-0034
          16                    54  6.421438295478622319086815345024918E-0034
          16                    55  8.081792956972687723150525622136921E-0034
          16                    56  4.659525264448025134444303777944728E-0034
          16                    57  4.896127824629173602313908837591178E-0034
          16                    58  9.062558819669140260056241035326219E-0034
          16                    59  3.841658988645302024686871256236672E-0034
          16                    60  5.219069531586868824713673560036134E-0034
          16                    61  1.215447284062825741485481161613920E-0033
          16                    62  1.626362413722971244057452341233260E-0033
          16                    63  1.408813933029690829613914023774798E-0033
          16                    64  7.719706500720126522332286587245932E-0034
          16                    65  1.111599541579560731966359576693159E-0033
          16                    66  9.943570831479411245589795208537734E-0034
          16                    67  2.503821213730947842406368338999782E-0033
          16                    68  1.069882406606291681605728923252142E-0033
          16                    69  1.289470283078016504741385231871315E-0033
          16                    70  8.688179503586168881754757638312808E-0034
          16                    71  1.501581119492759502686337732172069E-0033
          16                    72  5.277290460678262477997245115461932E-0034
          16                    73  2.554165653986154397588792665294565E-0034
          16                    74  3.876869325341155617632847490632053E-0034
          16                    75  1.303292842783045728728422406896742E-0033
          16                    76  5.823918706212923220533275404710198E-0034
          16                    77  1.477608001265519617497299960272367E-0033
          16                    78  3.345223029205297402780002713254284E-0033
          16                    79  1.680522435156326695949309867127977E-0033
          16                    80  4.367572770367225681607999978779998E-0034
          16                    81  9.839926795339569599544874958970753E-0034
          16                    82  8.125383936485859188740931331321051E-0034
          16                    83  4.214965844968714309055397509698997E-0034
          16                    84  4.130575196946582847049000312128760E-0034
          16                    85  3.261689812066103660699397938425540E-0034
          16                    86  1.060433683314450874723618087554642E-0033
          16                    87  1.602001533302708845802579353642617E-0033
          16                    88  3.329153884425553140204868689832818E-0033
          16                    89  1.018179923021994965643866990608496E-0033
          16                    90  7.272391717087218715966583376948293E-0034
          16                    91  5.402623706460588212448839223382770E-0034
          16                    92  8.857871239636301039178398551999171E-0034
          16                    93  3.283157238613553296579272075863716E-0033
          16                    94  1.774842404950142109563662651693478E-0033
          16                    95  4.834527631122840631005089893967052E-0033
          16                    96  1.732161455597689980242411411789212E-0033
          16                    97  1.151090603359278335885776507436713E-0033
          16                    98  3.815119213097505384393501203915026E-0033
          16                    99  3.303292058813037908130560147640969E-0033
          16                   100  1.401189266180166709498733952368917E-0033
          16                   101  4.407099175263152611737337644901312E-0033
          16                   102  3.659989708116959629360277690476211E-0033
          16                   103  2.853032067570912456622404217813632E-0033
          16                   104  3.037998236944847564902438283140314E-0033
          16                   105  2.622216670561162862728522349059642E-0034
          16                   106  9.007072427118784184832991182840801E-0034
          16                   107  1.490753586407155625657296945292464E-0033
          16                   108  1.155961988394401912873362686849676E-0033
          16                   109  2.182269673940496817729497942540504E-0033
          16                   110  2.196927984573314807038542111608312E-0033
          16                   111  4.355572985152777479616742909004707E-0034
          16                   112  5.941149962373124885989646242527610E-0034
          16                   113  1.628065917451792918647361884954778E-0033
          16                   114  6.083071902882628373869035594558437E-0034
          16                   115  1.778004917544558621027099636750245E-0033
          16                   116  1.252736489957699614009606342233649E-0033
          16                   117  3.177398604964823124719235404555478E-0033
          16                   118  6.462270231828993182791112429171353E-0034
          16                   119  1.796569458167265986901725642620468E-0033
          16                   120  4.829118872274088648736844692754941E-0034
          16                   121  4.816826892999638864124591114525052E-0033
          16                   122  2.779069057495503271954205876616128E-0033
          16                   123  2.095146083365314064154322346038797E-0033
          16                   124  5.559775825407136827238392776252619E-0033
          16                   125  3.450929422601658882402027676972237E-0033
          16                   126  3.287598717319947471683625839640198E-0033
          16                   127  1.277693865972203805196985366745026E-0033
          16                   128  1.477902027514829192268773698788041E-0033
          16                   129  5.025275163696886244175125391939909E-0033
          16                   130  1.382456588205462735771744166911743E-0033
          16                   131  2.900972178845424262047518683955087E-0033
          16                   132  8.603267898146926947958358286118612E-0033
          16                   133  8.708497702482547380298510789069872E-0033
          16                   134  2.645447580268705572202281642345302E-0033
          16                   135  5.540135873646840486860569142166018E-0033
          16                   136  3.033737947554645667154100549127402E-0033
          16                   137  1.202349849205686735099696448627958E-0033
          16                   138  6.500624137923348116879658882564623E-0033
          16                   139  2.137817959767226569139859688522026E-0033
          16                   140  3.322186164560294631435556237165638E-0033
          16                   141  2.466952136405524107333524228600467E-0033
          16                   142  2.953096113395566928976936601124982E-0033
          16                   143  5.764584839279463344812682230738042E-0034
          16                   144  5.140880871789507247628073066631387E-0034
          16                   145  9.120616890999132633967061060050157E-0034
          16                   146  1.498155634152873805717717773333073E-0033
          16                   147  7.964573968836723523380010823628277E-0034
          16                   148  2.437200092736233377602985600590607E-0033
          16                   149  3.458888182682665481166101325418950E-0033
          16                   150  1.970035746290728957461640104113812E-0033
          16                   151  1.769263793980425444841612187192277E-0033
          16                   152  1.067413213395313645604470011902994E-0033
          16                   153  3.815320914569147079825040617371273E-0033
          16                   154  1.200149810515170978317695345755693E-0033
          16                   155  1.016480391500132001801740487419865E-0032
          16                   156  2.517125236560791650397054505038569E-0033
          16                   157  2.507499260570669505966619052650873E-0033
          16                   158  4.990438360297821715146893478096063E-0033
          16                   159  6.336240436410018010299611079694325E-0033
          16                   160  1.938860382246281015643634044494372E-0033
          16                   161  7.807245053941361915534410584678726E-0033
          16                   162  1.733090821748636391254884472132962E-0033
          16                   163  5.111888293221242578408354337670605E-0033
          16                   164  8.179009415358493494958119741545941E-0034
          16                   165  1.473167706206371962326073431039885E-0033
          16                   166  3.150701018395993653358763915447530E-0033
          16                   167  4.328238336166680327353325878373748E-0033
          16                   168  8.652990800314696366563830660371884E-0033
          16                   169  6.364240486993009452847654921865678E-0034
          16                   170  8.717443978745598092507764866175944E-0034
          16                   171  9.733126221141195226683116597997730E-0034
          16                   172  5.081398549173541295749387152267144E-0033
          16                   173  2.520081593528501314054860733222202E-0033
          16                   174  8.186270207019189083587099921915849E-0033
          16                   175  1.872842201344293943347521979163094E-0033
          16                   176  1.022660849853285767228124935330926E-0032
          16                   177  3.538671002933693382858888850610863E-0033
          16                   178  6.214555985841168920331041185081693E-0033
          16                   179  8.232438486247376292545553201029394E-0033
          16                   180  4.448020469085900845886692390756723E-0033
          16                   181  1.016950530916164486770202938638523E-0032
          16                   182  6.434702579474421161862937293232969E-0034
          16                   183  3.059958507162943241421211402796665E-0033
          16                   184  8.435715442340992568925278386892400E-0034
          16                   185  1.223481156402424119532960474122341E-0032
          16                   186  5.475213036959337894149008260867825E-0033
          16                   187  1.170955911713281740994654717542621E-0032
          16                   188  4.105462540651958169192843406224911E-0033
          16                   189  1.055840619143869289096222087494425E-0032
          16                   190  2.713807136542080789891774708607730E-0033
          16                   191  1.474618890256244598059344367933870E-0033
          16                   192  1.987263321298640074263426719308727E-0033
          16                   193  1.365724759972610219629302700508020E-0032
          16                   194  7.308396907077931014245028669053078E-0033
          16                   195  1.182835801325441496560043068526222E-0032
          16                   196  9.792303594949878058545793972520815E-0033
          16                   197  5.297353716046422435180068264134780E-0033
          16                   198  5.046245739919307621319869983808081E-0033
          16                   199  2.649412574819118875407740008395043E-0033
          16                   200  4.063441348758638194906277461956020E-0033
          16                   201  2.392156502208775900475258175094545E-0033
          16                   202  3.217288467103642535275510182533459E-0033
          16                   203  2.427951038380816023789253966404277E-0033
          16                   204  2.432356881586670550292993711173187E-0033
          16                   205  1.153963055897145832142774783817253E-0032
          16                   206  1.127311773212535995712007283225545E-0032
          16                   207  1.857237643474117214982579840419667E-0032
          16                   208  1.574747932709236847913758599240376E-0032
          16                   209  1.344128048193808864354018290093852E-0032
          16                   210  6.305862198214535871890620636956290E-0033
          16                   211  1.079651739269988243315223085131675E-0032
          16                   212  6.819517362688157700758160104537503E-0033
          16                   213  6.592622649641562516804403368824219E-0034
          16                   214  1.959625984320339780574124752930423E-0033
          16                   215  3.549974568966941935060808644947159E-0033
          16                   216  3.159481525828358058714583722292973E-0033
          16                   217  5.741338890917886638662766503287008E-0033
          16                   218  1.168253823270110652422404922899322E-0032
          16                   219  6.174772417767297152580560331395263E-0033
          16                   220  7.618865328614240162121406378529869E-0033
          16                   221  5.858080033367302413576478609559449E-0033
          16                   222  1.252579669735886279698509077797941E-0033
          16                   223  2.001660203295615535269805685121989E-0032
          16                   224  7.890287523800880758131521240747411E-0034
          16                   225  1.341704779925606499915041122525579E-0032
          16                   226  6.686351678486685075804997315924207E-0033
          16                   227  2.581711211519310351809922854918292E-0033
          16                   228  4.877669676142156405627376592849504E-0033
          16                   229  3.523127195755973534031931702502657E-0033
          16                   230  1.027853895829409341020048228128401E-0033
          16                   231  6.838419150546553212903448953237987E-0033
          16                   232  2.284094155539435791104681168164884E-0033
          16                   233  8.226808911418307903254938397496384E-0033
          16                   234  2.343497688072155378621733843998740E-0033
          16                   235  2.963614339622738893962834143232331E-0033
          16                   236  4.779803895712133970097451189756085E-0033
          16                   237  4.351420188415065789667277167992743E-0033
          16                   238  2.371440327728125134059308974668566E-0033
          16                   239  9.299392272431047186254446633393836E-0033
          16                   240  9.251654623834162301450774875384685E-0033
          16                   241  1.238200389719263973539052209099960E-0032
          16                   242  4.707852932077392341666842775812222E-0033
          16                   243  8.510528016742066564458738332543244E-0033
          16                   244  5.228472458638823455017853643602513E-0033
          16                   245  1.255478786417647587772995947701939E-0032
          16                   246  2.962891043572713470101850619255289E-0033
          16                   247  2.288857114891735908892798077527124E-0033
          16                   248  1.028006363876483738143101452188657E-0032
          16                   249  4.723682788455562403813252727609380E-0033
          16                   250  1.488738129406810914805832189683632E-0032
          16                   251  8.973695774710789315016411169699550E-0034
          16                   252  1.091355525207468403944386865932196E-0032
          16                   253  8.063044519010481815829753109587516E-0033
          16                   254  1.417447000962311052506583766171280E-0033
          16                   255  1.261868827520863894835057861712541E-0032
          16                   256  8.671122240916915474094482722060187E-0033
          16                   257  2.168426397179461143627500301492634E-0032
          16                   258  3.436743080017296485576927499911616E-0033
          16                   259  1.049654912027943091262382669564003E-0032
          16                   260  2.504253489024821389302616780662080E-0032
          16                   261  2.452681123277090702144092599430118E-0033
          16                   262  2.837342579903020646700139832543603E-0033
          16                   263  8.985498126185929027574749942016735E-0033
          16                   264  3.830911867021999862545705746296835E-0033
          16                   265  7.096068155907574116708383824031139E-0033
          16                   266  4.827368181138668508063322532354242E-0033
          16                   267  1.643245090536439088028032322458408E-0032
          16                   268  1.186804782018981525193171724849587E-0032
          16                   269  8.093563695565529960903858420751698E-0033
          16                   270  1.014171526224247072380306014460358E-0032
          16                   271  1.893395592046738519768267226635577E-0032
          16                   272  1.010707191225179500957518277448465E-0032
          16                   273  1.078360522711210311220884041624229E-0032
          16                   274  3.474554002172901826357099622461518E-0033
          16                   275  1.326911975257511171527568021238498E-0032
          16                   276  4.692157766422280951880842094685289E-0033
          16                   277  1.304310470647294335608774628695658E-0032
          16                   278  4.594470580088133387995072739862313E-0033
          16                   279  7.695095103871856475233545023238793E-0033
          16                   280  6.521340388386125363137072633399447E-0033
          16                   281  1.081735381963260210063388785408254E-0032
          16                   282  1.044882355650716916481892678493825E-0032
          16                   283  3.387450997063734768286672370059795E-0032
          16                   284  9.509671152612363950776407988431408E-0033
          16                   285  2.376358393954768061903139731257259E-0032
          16                   286  2.277674680829429896755158879135017E-0032
          16                   287  1.332113777654578396152418889822604E-0032
          16                   288  1.867257103023192742574898406223708E-0032
          16                   289  1.661697687311270795707640484372151E-0033
          16                   290  8.924738349315572795687466234455073E-0033
          16                   291  8.574133030127963440983594413298344E-0033
          16                   292  1.609578199446668713647029665033728E-0032
          16                   293  1.276659208044656204604026351291069E-0032
          16                   294  6.537704869061613540333042301421441E-0033
          16                   295  1.918633113013589165311597093951160E-0032
          16                   296  1.372507966502925049301599247068178E-0032
          16                   297  2.274769172990045440471282028184521E-0032
          16                   298  1.218879906562075708460164882615225E-0032
          16                   299  7.722493719699922405113723093785828E-0033
          16                   300  1.366305609290324724688922518553386E-0033
          16                   301  8.005598598942520464715546518942479E-0033
          16                   302  1.411547317593611099343786151620350E-0033
          16                   303  6.661612611438577415852483111392679E-0033
          16                   304  1.004548270458327529588831652939312E-0032
          16                   305  2.626299499214735530459556806593078E-0033
          16                   306  5.071284845207568195698761690502648E-0033
          16                   307  5.449925696755420337987671296093424E-0033
          16                   308  1.550189434272655769807515038097944E-0032
          16                   309  1.061900785195004626930718760524081E-0032
          16                   310  7.677787917139732463751344164107992E-0033
          16                   311  4.379077647295865268772808850231634E-0033
          16                   312  1.194029545746053337394387574941166E-0032
          16                   313  1.732989634556933848744830791281827E-0033
          16                   314  2.581793378637101234167077978840455E-0032
          16                   315  1.561863148237628749210172667748241E-0032
          16                   316  5.137392414573986816345634200114454E-0033
          16                   317  3.046700397948655884281498623902722E-0032
          16                   318  1.000261411822726580743087600745160E-0032
          16                   319  2.728432199329546560439755585490980E-0033
          16                   320  1.518291895859647908813828689333343E-0032
          16                   321  1.038420899362752624437639415517154E-0032
          16                   322  6.414450423691638891036683679024322E-0033
          16                   323  3.722596561503763966932267582323518E-0033
          16                   324  1.576878477706754567508258653187111E-0032
          16                   325  6.561216236302866103026513932201263E-0033
          16                   326  5.119419534082903506569838453870310E-0033
          16                   327  1.692640199571317274093455033381055E-0032
          16                   328  3.612266616306723916963350549930894E-0033
          16                   329  6.248540949068298416122097737217798E-0033
          16                   330  1.102415021153392155480600737826284E-0032
          16                   331  4.021306085448798093145836723981684E-0033
          16                   332  1.135066862409467716215158446015933E-0032
          16                   333  1.004053194672234033016738350564461E-0032
          16                   334  7.499546967143604487845801833254181E-0033
          16                   335  1.104871155512008410040426032627310E-0032
          16                   336  6.966387027681160831892161881578598E-0033
          16                   337  6.031682102385910916924690860613793E-0033
          16                   338  1.697232552145017291083141375434685E-0032
          16                   339  2.178162764728719686520449449076799E-0032
          16                   340  2.855881392836879999380166541976812E-0032
          16                   341  1.730041318818877859624813089296659E-0032
          16                   342  1.999190601902623854301153711727663E-0033
          16                   343  1.491610896239313930321619359930910E-0033
          16                   344  1.877541348188428688083763118865996E-0032
          16                   345  9.258574571679802976920873962798125E-0033
          16                   346  3.694817104991830249371054215551517E-0033
          16                   347  7.943520083102003805734256574371532E-0033
          16                   348  4.656471990254421312980255721780459E-0033
          16                   349  1.683949319375268690937641903068033E-0032
          16                   350  1.440541431621966527077504301673891E-0032
          16                   351  2.624305136975390585647849075242469E-0032
          16                   352  2.019924716804564804742036965507335E-0032
          16                   353  1.108631859186135363648050178343423E-0032
          16                   354  5.018682411893201529694222041483381E-0033
          16                   355  5.115005455997318488398828179097959E-0033
          16                   356  6.012766134926438871682198552333328E-0033
          16                   357  9.913652318088056222432048645155278E-0033
          16                   358  9.109735006234877063867093013806245E-0033
          16                   359  1.312842385129886762259157387592121E-0033
          16                   360  1.254180584317303816886598997150571E-0032
          16                   361  1.338415028424999168665427940011829E-0032
          16                   362  1.107501575437566861001732675050325E-0032
          16                   363  1.362162387421058173574664605950049E-0032
          16                   364  6.034439260857635815655026218053941E-0033
          16                   365  6.454715871395321814913014568163140E-0033
          16                   366  1.624147168199750974318373734927805E-0032
          16                   367  2.276141421017830562296564531115310E-0032
          16                   368  1.481794344852651964965812091709857E-0032
          16                   369  2.919331007449637264372408557166879E-0032
          16                   370  1.563557136555537339735650295494369E-0032
          16                   371  2.872283223302632948272433559654473E-0032
          16                   372  7.628111980904053879711362636265574E-0033
          16                   373  3.216961132693093847646014336204071E-0032
          16                   374  6.356936664449744249639454467591755E-0033
          16                   375  2.783412736615277573597431135283859E-0032
          16                   376  4.606850297854193491875819299537063E-0032
          16                   377  3.112831766329269748783743924755767E-0032
          16                   378  3.336102027419044996312961368794435E-0032
          16                   379  3.262787127923785368743403515645496E-0032
          16                   380  1.586771364838091262151541366395935E-0032
          16                   381  1.427587969129845856612075316694810E-0032
          16                   382  3.416762040495869111905860737396589E-0032
          16                   383  4.994919189206446069474390574545195E-0033
          16                   384  1.040029598170626547358747359515063E-0032
          16                   385  3.312074739241981957649607768554840E-0032
          16                   386  1.190626044983388566214320249931362E-0032
          16                   387  6.839586239436243475409833811847045E-0033
          16                   388  1.792434601236644295906676262726144E-0032
          16                   389  1.626612361312222861142055779369068E-0032
          16                   390  1.683421529441742883077641976411248E-0032
          16                   391  9.486732697870087608577032526204565E-0033
          16                   392  7.521070985524563798710216030558959E-0033
          16                   393  6.543158811244949506045976843257915E-0033
          16                   394  3.023681180257994942631700065620022E-0032
          16                   395  1.126605118188809287563389869295911E-0032
          16                   396  2.851812273095240821735612073428374E-0032
          16                   397  1.985667939576119279211070822645489E-0032
          16                   398  1.282408716371199376424167775058041E-0032
          16                   399  4.738949322652516567574202241745319E-0032
          16                   400  2.150134238868724328242870362303478E-0032
          16                   401  3.146039658573066083415942372823478E-0032
          16                   402  1.871446237388609713322450991952586E-0032
          16                   403  2.664468671731470977602023975515945E-0032
          16                   404  2.260240723978021283258921539511375E-0032
          16                   405  4.537838036177435651106928312705563E-0032
          16                   406  9.133892680991591792746713494211225E-0033
          16                   407  8.146058706110321344274147121982227E-0033
          16                   408  3.546350289930289561952655340012308E-0033
          16                   409  2.529977093532606293579206427937639E-0032
          16                   410  5.061981986587994866484216184341785E-0032
          16                   411  1.935994235290451257109605747027994E-0032
          16                   412  3.427012127046821887419269743612234E-0032
          16                   413  8.819947809415409461263033853159174E-0033
          16                   414  3.120065750279630188729829821864666E-0032
          16                   415  3.442745344280563506613728112872054E-0032
          16                   416  4.136222551687540454877164972152751E-0032
          16                   417  6.914474942003811066787249586432443E-0033
          16                   418  1.314260637778125437978339840295234E-0032
          16                   419  3.888016681045973349969475136942126E-0032
          16                   420  1.337992003035730082127459319015764E-0032
          16                   421  3.146268159395340264275031626549005E-0032
          16                   422  1.130823604476768120840318837929786E-0032
          16                   423  2.728451976089658253775748609564709E-0032
          16                   424  9.863460427725245097846036563424145E-0033
          16                   425  2.711419056080610887463201887660879E-0033
          16                   426  6.972614829864334235680859345463691E-0033
          16                   427  1.519165160702382772245102811979793E-0032
          16                   428  8.355202915817382336359975570673716E-0033
          16                   429  1.704733758253236491538762026031469E-0032
          16                   430  3.064899334740773243577109898122603E-0033
          16                   431  1.168775257841368309945461242945410E-0032
          16                   432  2.372124960808915909988164267558960E-0033
          16                   433  2.655572416558520186347758246596498E-0032
          16                   434  1.904007722293803018109209391813853E-0032
          16                   435  1.399635343716955564191648108096815E-0032
          16                   436  1.087050932339751249123302504281191E-0032
          16                   437  5.212903521249923968317945560479177E-0033
          16                   438  5.654133409711480790859340951737626E-0033
          16                   439  3.769171064109394194398784508731361E-0033
          16                   440  2.416995060431948104084933568482595E-0033
          16                   441  1.241563338669222774046553569658713E-0032
          16                   442  1.247345671764350197360797705269015E-0032
          16                   443  1.160320231240259741712371530422477E-0032
          16                   444  1.089961823603287812234853091139032E-0032
          16                   445  5.164296615943527292328582382099480E-0032
          16                   446  1.810286349365673020165297619053312E-0032
          16                   447  2.000654400418213507127639536440272E-0032
          16                   448  3.594604629374658116832294992193819E-0032
          16                   449  2.229055138642675449811992778282756E-0032
          16                   450  3.388012701819471072812845330882261E-0032
          16                   451  3.866374173647159620572211494992929E-0032
          16                   452  1.035822569772197785746673125802309E-0032
          16                   453  1.502891148318636855537403604368063E-0032
          16                   454  2.647771301273133360905324686446749E-0032
          16                   455  2.292295292143480594456510515882938E-0032
          16                   456  8.751319518093449672808100320567236E-0033
          16                   457  2.563180361003473124597813062185234E-0032
          16                   458  5.567594606459701342686241038585723E-0033
          16                   459  1.075409555433959366742979883915596E-0032
          16                   460  2.975417842682978716379205922942025E-0033
          16                   461  1.858881664125555606920760066228183E-0032
          16                   462  5.128349457438524761683093105534375E-0033
          16                   463  2.667742253570974458643724943469178E-0032
          16                   464  4.390505773397433404325532948890038E-0032
          16                   465  4.235695024823402308699370317114964E-0032
          16                   466  1.849533184186299141961256349735526E-0032
          16                   467  1.389174837957516494002298233437488E-0032
          16                   468  2.575915546984234882122092763345030E-0032
          16                   469  7.965986252077002343076456527831291E-0033
          16                   470  1.494442563590461835924945394989817E-0032
          16                   471  1.518392491970790220968419871202726E-0032
          16                   472  4.761102776772204615072370259869673E-0033
          16                   473  5.929037236869436994764072264671924E-0033
          16                   474  5.662234671364620687532258779884398E-0033
          16                   475  2.018820032208661093479368826095741E-0032
          16                   476  6.929483485592018156101374629159845E-0033
          16                   477  4.335755938316229394338223990972613E-0032
          16                   478  5.860540700750472508389994072488911E-0033
          16                   479  6.041775139535365577633912954679938E-0033
          16                   480  1.595364711113967258247559259753818E-0032
          16                   481  4.366294927360660281000584816699784E-0033
          16                   482  1.014423178771858204104212686927839E-0032
          16                   483  3.246927969183535367982934003849472E-0032
          16                   484  2.292548407388854908515683485488812E-0032
          16                   485  2.735637133319841615845643091798459E-0032
          16                   486  1.107937036081073932036687959095179E-0032
          16                   487  6.180958809785089512701858368425925E-0033
          16                   488  1.553539963064057840480707473910441E-0032
          16                   489  5.522850733764426538944801062466219E-0033
          16                   490  1.367730839415119259596815519237221E-0032
          16                   491  2.818581297507521016325229888212527E-0032
          16                   492  1.354017423317110296669197510914334E-0032
          16                   493  2.024959196538463028224665408821981E-0032
          16                   494  6.025234382716083761362782036315957E-0032
          16                   495  1.302803457175333694365508877148074E-0032
          16                   496  3.002384270013687563669446097970149E-0032
          16                   497  7.983481567398792629315602328841235E-0033
          16                   498  1.497505704315744860956487307101108E-0032
          16                   499  4.300305056671718140150786290270186E-0032
          16                   500  1.357721704420092869932865120197021E-0032
          16                   501  3.120122811112874096216542539108694E-0032
          16                   502  1.552822230213154070391203430876538E-0033
          16                   503  1.111268816900105280290406000422791E-0032
          16                   504  1.658242489820762779268295075833444E-0032
          16                   505  6.985094504298429354861225050162684E-0033
          16                   506  7.027600702407617682083153604749088E-0033
          16                   507  3.028192972540251260696322922065899E-0032
          16                   508  1.453243636238324916730353356197260E-0032
          16                   509  1.948772279939887325930670136770427E-0032
          16                   510  3.328517265181980536497522712275447E-0032
          16                   511  5.970360743949221958641679371776959E-0032
          16                   512  6.360843039224827139954075187234676E-0032
          16                   513  4.492871870787095398919007452128420E-0032
          16                   514  2.202826210226979920564978555376152E-0032
          16                   515  4.857085101742254439622351527801304E-0032
          16                   516  2.938613297598298138824498742715314E-0032
          16                   517  4.342559378328725484395106024442614E-0032
          16                   518  1.592768303700247416010585493761357E-0032
          16                   519  5.061737743798129248731891715500359E-0032
          16                   520  4.025546702272309948054387708458280E-0032
          16                   521  1.548222139210371873121964869189070E-0032
          16                   522  1.997470764776388480595362966149468E-0032
          16                   523  5.158322740591319485599509756079586E-0033
          16                   524  6.698109377811698529596140234024443E-0032
          16                   525  1.693585734401605876135761760734585E-0032
          16                   526  1.043654408569310861506165509144453E-0032
          16                   527  4.276427070800289770302452569148927E-0032
          16                   528  5.263043136683247635986015310200263E-0032
          16                   529  2.979152794881034886511519684513949E-0032
          16                   530  5.294936463373830949452004541771359E-0032
          16                   531  2.323816514382796774283968220860448E-0032
          16                   532  1.854657795146741619653271512614608E-0032
          16                   533  3.099768352278329715751199827102670E-0032
          16                   534  5.472396119051641112438852667147969E-0032
          16                   535  1.152070558330407403629384698015136E-0032
          16                   536  2.525313671726313694118484725312255E-0032
          16                   537  5.144487448984681162203608520359886E-0032
          16                   538  2.120197472042446801086682130304623E-0032
          16                   539  2.732933449133994560810926176891881E-0032
          16                   540  4.951192375866450986762905757626584E-0032
          16                   541  1.442656882718105945818662058776784E-0032
          16                   542  1.508159599114397329487728968027075E-0032
          16                   543  4.698289598249531646579228097202263E-0033
          16                   544  5.713582603051631241530463837008560E-0032
          16                   545  2.629253622417151178333936997605747E-0032
          16                   546  6.586567665686830387502328617129497E-0032
          16                   547  3.541045738371978917833815633182083E-0032
          16                   548  5.755587164505382080150267512695876E-0032
          16                   549  8.843657586825877361529022166516634E-0033
          16                   550  2.816789870826119235630799471504906E-0032
          16                   551  5.674006695623918112965290052666655E-0033
          16                   552  2.945555584194689324526768139950431E-0032
          16                   553  1.578119115118700985588566392561408E-0032
          16                   554  7.757471357352941089869884936318586E-0032
          16                   555  7.450397872928110337100143090520127E-0032
          16                   556  3.246980974126505025908213266902914E-0032
          16                   557  1.195217871345803810733682074347592E-0032
          16                   558  5.479859905165104622960079511411313E-0032
          16                   559  2.002475343925130457081502097226727E-0032
          16                   560  1.018442898278416114381576679661282E-0032
          16                   561  5.587210391399216033405397775141225E-0032
          16                   562  2.497205975823548024001641217453492E-0032
          16                   563  7.177604184357951202607258350932581E-0032
          16                   564  8.170975280528268332380822509351185E-0033
          16                   565  1.542883263685362349814329081779124E-0032
          16                   566  5.312906457102266976301624571612496E-0032
          16                   567  5.599638792316239918418792570034584E-0033
          16                   568  1.801498072662234920328645080714488E-0032
          16                   569  4.737735007656547898932463019678322E-0032
          16                   570  2.438508537337456263131827164196918E-0032
          16                   571  8.571518604597095684534435312292709E-0032
          16                   572  5.360594097361102341615266997449488E-0032
          16                   573  8.079684638943626038901741714028720E-0032
          16                   574  1.658724694623790918132733150063043E-0032
          16                   575  3.250376462882935103587860173878150E-0032
          16                   576  1.532528001007820584781099865698879E-0032
          16                   577  1.336120874469177308954339091002615E-0032
          16                   578  1.849654727268167332610530628438406E-0032
          16                   579  4.739783900286498170373034532822022E-0033
          16                   580  9.447662118599150276649634685135069E-0033
          16                   581  2.056106317231129130116075040332818E-0032
          16                   582  5.270784432031918909429887263285022E-0032
          16                   583  1.275815772959430187245390075218551E-0032
          16                   584  3.527426410837390919678358111136554E-0032
          16                   585  6.769848230256415520888020414562136E-0032
          16                   586  3.056128975401214268501614226384042E-0032
          16                   587  1.020807048111189265612096558409100E-0032
          16                   588  9.035411930520287000851181089227892E-0032
          16                   589  3.388067886163480120454473531382104E-0032
          16                   590  1.089616766094543495026228999580164E-0032
          16                   591  3.360622080476771647484706050167098E-0032
          16                   592  2.320915997897370844829554618187423E-0032
          16                   593  2.365042238126481361980128891568811E-0032
          16                   594  2.469833887711819267655251902720595E-0032
          16                   595  3.594610927653633615071917520483030E-0032
          16                   596  1.278044730443186462869971092592395E-0032
          16                   597  5.676812466243312587877037915558186E-0033
          16                   598  3.310992528871506163365120733496702E-0032
          16                   599  8.341320472973925883825037606549486E-0033
          16                   600  3.278328483765336236767957053747437E-0032
          16                   601  9.942138226944451275256501599926252E-0032
          16                   602  1.710132957023465880168826597633443E-0032
          16                   603  1.530350417704376850951106780732248E-0032
          16                   604  9.597719247307829859811775757427989E-0033
          16                   605  1.554164036311580990537080084667093E-0032
          16                   606  5.775720963104260333153908851449271E-0033
          16                   607  1.019159876630298334007783900187471E-0032
          16                   608  4.935479704652695957077607076592403E-0032
          16                   609  8.512577556162010758997840560788202E-0033
          16                   610  5.306362579698950185909481329406348E-0032
          16                   611  1.643488518291026687299067159345093E-0032
          16                   612  1.170908294064522584563791213928740E-0032
          16                   613  6.885142483138886166067882727776436E-0033
          16                   614  1.528327120615700843496112879012428E-0032
          16                   615  6.331062079669968414457456572503414E-0032
          16                   616  1.157078109820360733923112673465638E-0032
          16                   617  9.554746993280515522331277483255195E-0033
          16                   618  7.055730593745262759925334592157595E-0032
          16                   619  1.070515830835779726753042989930909E-0032
          16                   620  3.470260780607620099300237235411520E-0032
          16                   621  1.861475601580815105319521736327350E-0032
          16                   622  3.827072515318577981608229689956611E-0032
          16                   623  5.329894681111935343706910502381178E-0032
          16                   624  7.356396612415886073819710720140054E-0032
          16                   625  3.858559326363988849178491716442102E-0032
          16                   626  4.744144856820183315664954835279916E-0032
          16                   627  1.153770801265100149078122197502373E-0031
          16                   628  2.279366205210231261735379985491584E-0032
          16                   629  3.483114823619914877335584591664030E-0032
          16                   630  2.470153915285522615414823983470947E-0032
          16                   631  1.920697500474619685571695526283190E-0032
          16                   632  2.945681114311285996722088019841865E-0032
          16                   633  1.034130296019373677776204344634264E-0031
          16                   634  6.478899963168743314927419989675702E-0032
          16                   635  3.981889660300885250561308395956474E-0032
          16                   636  2.689470215124815396403754740314344E-0032
          16                   637  1.958668491768543559896124596677160E-0032
          16                   638  1.917760030183034274681784897439116E-0032
          16                   639  4.423686889815113644311718158491297E-0032
          16                   640  5.309037098650899623456797481472678E-0032
          16                   641  5.095456477303980324888694840554311E-0033
          16                   642  4.832593941181117676629561241740494E-0033
          16                   643  3.105050185230606573012902661452973E-0032
          16                   644  1.803683905590178854112980056937984E-0032
          16                   645  2.979122990734318466486170295236148E-0032
          16                   646  1.189979440008768175407179378292423E-0032
          16                   647  4.599530603348637727075662689277146E-0032
          16                   648  1.300422552604214926462236167393244E-0032
          16                   649  2.950022245694087825174931568185732E-0032
          16                   650  9.729394143016316043272985339796046E-0033
          16                   651  2.987286025558838408897048240934383E-0032
          16                   652  2.109247062422268278335503910563440E-0033
          16                   653  2.275646836744644556761795618029117E-0032
          16                   654  2.342330621369689115844528739353549E-0032
          16                   655  2.952089607738523242464886052712563E-0032
          16                   656  7.706940001317130185109766222788191E-0032
          16                   657  3.812037961867141306112320633482439E-0032
          16                   658  2.441111173823751663259664139548449E-0032
          16                   659  8.031476342414009686435471681231517E-0032
          16                   660  2.226518753736021558088836424224388E-0032
          16                   661  2.693917784855463943862812074306854E-0033
          16                   662  4.124323626102382872841478886280744E-0032
          16                   663  2.477291672601842919697458136209280E-0032
          16                   664  1.568084849428476967730428882050841E-0032
          16                   665  2.203570298034123457643980811679702E-0032
          16                   666  3.943840648500122641255317996141073E-0032
          16                   667  2.509749565827797702684485738936415E-0032
          16                   668  6.484391200151162833419996809246726E-0032
          16                   669  1.874628601740823728562314120565746E-0032
          16                   670  1.148949204052360906249084132284996E-0032
          16                   671  2.805664674994055108245974342511923E-0032
          16                   672  1.620023408759471629988471836716090E-0032
          16                   673  2.323120689408911852459401343093005E-0032
          16                   674  6.880635675182674739797594857989798E-0032
          16                   675  2.317820326111452913059289620984075E-0032
          16                   676  1.296914654023834678088892424718450E-0032
          16                   677  2.748851832788899025204770142587243E-0032
          16                   678  9.933931185169421090357378632160001E-0033
          16                   679  1.139258239958023394977876532494616E-0032
          16                   680  7.038353991027048216924245306125215E-0032
          16                   681  2.320098215290095868560957686672518E-0032
          16                   682  1.133708112048687494144409761395558E-0032
          16                   683  3.820220193331829436105375061590642E-0032
          16                   684  1.856613613483498234357424006923323E-0032
          16                   685  2.350220707425904062270077021196430E-0032
          16                   686  1.435982637792724779496116039307880E-0032
          16                   687  3.105424849829408311272212901966073E-0032
          16                   688  4.230686863270139192800682923696004E-0032
          16                   689  5.217295509861838012086456277499386E-0032
          16                   690  6.814896457301269413559692283246271E-0032
          16                   691  2.911192060875557408939751369075614E-0032
          16                   692  5.754678771673677213560973738396399E-0032
          16                   693  2.084118142713601519473798403604168E-0032
          16                   694  2.188021904747908256828101842898458E-0032
          16                   695  2.202214456207805029364032742364572E-0032
          16                   696  8.774132770036723898896963052711201E-0033
          16                   697  1.114659856861515911971257470680312E-0032
          16                   698  1.602000535702391617969212909667941E-0032
          16                   699  1.842901768181378756619019809089101E-0032
          16                   700  8.514264912868694161130067415847371E-0033
          16                   701  8.861816168056335364991397083851251E-0032
          16                   702  7.468293376479897820264696250834462E-0032
          16                   703  7.838170380113276599718574099627440E-0033
          16                   704  3.067938922689973374513908602657205E-0032
          16                   705  2.292817811374643883783413311589813E-0032
          16                   706  8.955223657703041701331150269896290E-0033
          16                   707  1.249501134137263881124180551725922E-0032
          16                   708  8.385832929830003596651381670054473E-0032
          16                   709  3.705612713852938836099946396508242E-0032
          16                   710  1.716144825201220597174115542408612E-0032
          16                   711  1.313604031895188957091205750126170E-0032
          16                   712  1.670299863475712888583160863259185E-0032
          16                   713  6.531542002428846899113563098358977E-0033
          16                   714  1.831044619904283059537675429853935E-0032
          16                   715  2.053270040680550617452929284875334E-0032
          16                   716  5.387802363582626773159942945066494E-0032
          16                   717  1.557989392129768611879681685846992E-0032
          16                   718  2.477055133567502564736373580483428E-0033
          16                   719  2.606352401218871134349542458560761E-0032
          16                   720  3.004631948350888042561331970301270E-0032
          16                   721  2.859356846717661346035599221659733E-0033
          16                   722  3.331898659886466681740020614453685E-0032
          16                   723  6.785168604337985742956618946675238E-0032
          16                   724  1.043714095373471348022214626248875E-0031
          16                   725  6.816466447603223936650279356069982E-0032
          16                   726  5.392099294907365294969846798735340E-0032
          16                   727  6.199750614671775897140669713802058E-0032
          16                   728  3.284720472755357877613717246612280E-0032
          16                   729  1.428997279115212191960990755286684E-0031
          16                   730  5.675162516273778022761807020254845E-0032
          16                   731  2.798716187246700655752668039021438E-0032
          16                   732  3.547124630491839525570183644387220E-0032
          16                   733  7.190658862529269655563035125893104E-0032
          16                   734  1.114179781393432192381474294626825E-0031
          16                   735  5.759797598278930523374671027014693E-0032
          16                   736  8.403254344722610224523429461789959E-0032
          16                   737  1.396061941648685853045386682394049E-0031
          16                   738  7.312840063568212526412871514647363E-0032
          16                   739  4.233590439632855433210417003789244E-0032
          16                   740  6.108796639299356666789143252994833E-0032
          16                   741  1.094480830991250221972524184357373E-0031
          16                   742  7.531809577696902510929413190012594E-0032
          16                   743  2.354991141252225427551416046774675E-0032
          16                   744  3.129090629132683100690760601120437E-0032
          16                   745  4.428983347015454241520144355989885E-0032
          16                   746  3.947061468156581785645536031434221E-0032
          16                   747  1.625641071870936967497144959396664E-0032
          16                   748  9.682574877856431673494287034587474E-0033
          16                   749  2.376014948124051056633429019464466E-0032
          16                   750  6.777836078713219957833165321027105E-0032
          16                   751  5.823227263448809347814438523744203E-0032
          16                   752  4.294847210838998090259404571669396E-0032
          16                   753  6.439263414801138710541340216130775E-0032
          16                   754  6.148287168905583100193347386223063E-0032
          16                   755  2.009554568910240905546317272922887E-0032
          16                   756  2.223773145417800446224807739099002E-0032
          16                   757  1.119004530938746429023490601960013E-0031
          16                   758  6.137985271172767677566973125968015E-0032
          16                   759  1.806544569880450089738094461404620E-0032
          16                   760  2.102492833726418613095275252670887E-0032
          16                   761  1.984172553789097585089440958194604E-0032
          16                   762  3.610002364203541475926984488464693E-0032
          16                   763  5.310189876804485524024524166731115E-0032
          16                   764  9.376849137732475100504623252849031E-0032
          16                   765  1.445652730602194870468676935618535E-0031
          16                   766  2.310474524618698049952903717951796E-0032
          16                   767  6.682007478211913712543043230672956E-0032
          16                   768  3.529090470363245852515812514747041E-0032
          16                   769  3.803342892631321938445995559814143E-0032
          16                   770  1.570236223334616659231724938374911E-0032
          16                   771  6.423532527347605833659334775212035E-0032
          16                   772  6.580556242593314423780912975748621E-0033
          16                   773  2.506957343233216343159604920110170E-0032
          16                   774  4.785335152177777127628404700017917E-0032
          16                   775  6.491494137422381841756881615086273E-0032
          16                   776  1.279511737307819326682638625564367E-0032
          16                   777  5.400896486428998749536249209256853E-0032
          16                   778  1.038054632685886912240367536107940E-0032
          16                   779  1.111702479737098271512257360248101E-0031
          16                   780  9.330839709000178851559625914001439E-0032
          16                   781  1.757838382253577876877296077702041E-0032
          16                   782  1.006456315040182378025376561427293E-0031
          16                   783  5.406367006544983847996144148021400E-0032
          16                   784  2.411846155278540194537273774135982E-0032
          16                   785  5.838146427676451299364864980447916E-0032
          16                   786  1.088470636400703249666482788982131E-0031
          16                   787  5.757354573351463413061168353410771E-0032
          16                   788  3.162000466793737492198815232736983E-0032
          16                   789  6.637361099343777726360537541503019E-0032
          16                   790  3.501901900249324105979825883697676E-0032
          16                   791  1.674775039981402635172602136980025E-0032
          16                   792  1.751563547920986468364595757130179E-0032
          16                   793  3.545818034180060964039552306367043E-0032
          16                   794  9.367868965792684325462443372273285E-0032
          16                   795  9.449494764819729226339616301372218E-0032
          16                   796  9.095491691831136520412322598780364E-0032
          16                   797  2.291148989171413266180499151875980E-0032
          16                   798  1.948756380722286519999616769189422E-0031
          16                   799  1.205743808616737467497428701104705E-0031
          16                   800  8.258306727521130764523485168730408E-0032
          16                   801  1.764389254850024388812321022401447E-0032
          16                   802  3.040380480762735910420371637786588E-0032
          16                   803  3.413752353728672095808253975607983E-0032
          16                   804  1.999220812425501651360780697721895E-0032
          16                   805  5.798736237143674374959620016429879E-0032
          16                   806  1.515171032154758347896732367794846E-0032
          16                   807  4.282099933805737167275911044429847E-0032
          16                   808  5.850552304995478993500055745034849E-0032
          16                   809  2.779778446004952279949823182114974E-0032
          16                   810  9.176334588206354064920176488014863E-0032
          16                   811  1.548841954935299550174401672543365E-0032
          16                   812  7.341994571293385474540230937760097E-0032
          16                   813  1.289429312834566442824010321516433E-0032
          16                   814  5.118469388773097016427850724685720E-0032
          16                   815  2.212118897151148455971282266128567E-0032
          16                   816  3.012187286936296915132762416654986E-0032
          16                   817  5.028635272333899147161836829385232E-0032
          16                   818  1.389038124169144238733524551192004E-0031
          16                   819  3.149136241652244108088815554247827E-0032
          16                   820  2.177061628569666267426339348419922E-0031
          16                   821  6.010416528459047162463557944876906E-0032
          16                   822  9.592399535794559790657539105482718E-0033
          16                   823  2.423616735802769680972471091369623E-0032
          16                   824  1.505327725877760751709791003010471E-0032
          16                   825  7.483200593739409127158819086825176E-0032
          16                   826  9.295343591456127209749204516263789E-0032
          16                   827  1.595470560471420274691955778077513E-0032
          16                   828  3.695103617058883465515722194367114E-0032
          16                   829  1.608353081701958217630007969978959E-0032
          16                   830  9.880872477051203535898363350764654E-0032
          16                   831  5.225805796032095088503262026809593E-0032
          16                   832  2.096768765650769738276843464957368E-0032
          16                   833  2.679433101236533156134242608133349E-0032
          16                   834  8.183906705373130992369531273821396E-0032
          16                   835  3.437110568918260418533881892722729E-0032
          16                   836  4.199242654254460228526690094441086E-0032
          16                   837  1.549711306154140420094580847542910E-0032
          16                   838  5.192032952042431483158155718329994E-0032
          16                   839  2.251577601143041155507421861973264E-0032
          16                   840  7.406254371695367540613568992646946E-0032
          16                   841  1.379003547691842016261891119360257E-0031
          16                   842  2.141155890303803151746122066111099E-0032
          16                   843  2.893139145607472545315941607261693E-0032
          16                   844  5.108910416489112156054419012036923E-0032
          16                   845  2.174870968611471433303798609248538E-0032
          16                   846  1.805961069594262161791875359716426E-0032
          16                   847  2.637676113505225769482594646424253E-0032
          16                   848  1.493344341547610719939967372165156E-0032
          16                   849  2.613892795488061761006403644122633E-0032
          16                   850  1.288342450182849204664798418317644E-0032
          16                   851  2.388116973883736354149214541111305E-0032
          16                   852  1.021108785912262800011350746693786E-0032
          16                   853  3.205300071315138981943430626005352E-0032
          16                   854  4.989810062208820250851705448984699E-0032
          16                   855  1.024664902614788385585320293891275E-0032
          16                   856  1.741899492490329081830622325377616E-0032
          16                   857  1.060105450764684784221375072291295E-0031
          16                   858  1.131167426649060422341482136384352E-0031
          16                   859  1.572626580886991487554047856208091E-0032
          16                   860  1.598539305831953780090998604936312E-0032
          16                   861  3.308082766284823378977114662336873E-0032
          16                   862  2.836610847921296943736259067204117E-0032
          16                   863  1.061032834517785924628948998192442E-0031
          16                   864  6.595682476153427119886081144568781E-0033
          16                   865  1.348007927462038243887602210869559E-0031
          16                   866  4.743084152972044716646451561470765E-0032
          16                   867  3.906615939575393609387878914342257E-0032
          16                   868  2.807355629611961565978442925500789E-0032
          16                   869  4.601900949100825998651758632795606E-0032
          16                   870  4.854689868382980333853410178629414E-0032
          16                   871  2.067444262425587532796711456743001E-0032
          16                   872  4.136568632322515115688341345769411E-0032
          16                   873  5.066540163799816102606816913463555E-0032
          16                   874  9.753774931595113196950860330809089E-0032
          16                   875  3.103689734790870378019500582432828E-0032
          16                   876  1.349728654839686815325838730952665E-0031
          16                   877  1.790199865995471046484089385908692E-0032
          16                   878  9.098933291007680731470518476227840E-0032
          16                   879  9.169661638161832791709957282016048E-0032
          16                   880  4.450282775644036112812331713331681E-0032
          16                   881  4.641520989639219767692804818019096E-0032
          16                   882  2.204615633300330356217991647093942E-0032
          16                   883  7.110260684718306861327662437474830E-0032
          16                   884  1.158979155177256890178724879649090E-0032
          16                   885  1.143840838710972479527082307655242E-0031
          16                   886  1.342431155216580971129958235080591E-0031
          16                   887  6.318862456159364325355171376695505E-0032
          16                   888  5.466741743488662231825088628885206E-0032
          16                   889  8.024406547424143317475254168986094E-0032
          16                   890  1.071149488391332897341736909797927E-0031
          16                   891  1.201025359869755164019253635391444E-0032
          16                   892  1.520279288344757802918517692707096E-0031
          16                   893  2.245149454406596063204305893549959E-0032
          16                   894  1.042970203267781962956321693426196E-0031
          16                   895  1.821404745046240336896669994446496E-0032
          16                   896  2.018408205054450801504991032439456E-0032
          16                   897  2.034748357830249344953529773225438E-0032
          16                   898  2.710528681557519137053432205568162E-0032
          16                   899  9.309764878919303081308481841483531E-0032
          16                   900  5.329369499704061059894958260674412E-0032
          16                   901  9.121595688331291168348528938923937E-0032
          16                   902  1.995451943529737842050996198465308E-0032
          16                   903  1.548004516780961977629328760393229E-0032
          16                   904  1.592149363731734768520032166324332E-0032
          16                   905  4.152316556577956898506778107063716E-0032
          16                   906  6.148219439242191213732296022912592E-0032
          16                   907  4.663414407781249010204264322078277E-0032
          16                   908  1.104018734773635851238120372342629E-0031
          16                   909  5.989416639036642138176600210402246E-0032
          16                   910  3.934171320438271257237861393017615E-0032
          16                   911  7.014753986197689781606286200488714E-0032
          16                   912  4.752475609465080045070346255846877E-0032
          16                   913  1.450408370830834155161856096774319E-0032
          16                   914  9.225647180861289361311376451508452E-0032
          16                   915  1.183055278483442269665369503086980E-0031
          16                   916  3.487763028258915769457261698135036E-0032
          16                   917  1.137989389558307035547640061090827E-0032
          16                   918  2.373405640135722888111660873261883E-0032
          16                   919  3.235191796890864625855796745392169E-0032
          16                   920  2.335000015908910532966476257560746E-0032
          16                   921  9.152733616587033654192344984969406E-0033
          16                   922  7.158996082959546845212763708552642E-0032
          16                   923  1.404057521300813471923746798446590E-0031
          16                   924  5.742411544532943982750180515405067E-0032
          16                   925  4.497762523677888432885590025572206E-0032
          16                   926  5.623798103044989541206953350580497E-0032
          16                   927  1.772776263979994899065853472253588E-0032
          16                   928  1.147498661840383224419663531613860E-0031
          16                   929  4.911076960183380755299116620084979E-0032
          16                   930  9.005594524170715857127021905843306E-0032
          16                   931  1.883064981020928511883546680020683E-0032
          16                   932  3.255828394223227285634947105214742E-0032
          16                   933  1.201364318037950752358043920465414E-0032
          16                   934  4.527620408997926450765133876504099E-0032
          16                   935  5.418597401255621709383858986991651E-0032
          16                   936  6.089456105239736117414923516830145E-0032
          16                   937  2.306358776626040012916247894549765E-0032
          16                   938  2.813164046429348516568664481639240E-0032
          16                   939  4.308274195458675206401539052487244E-0032
          16                   940  4.164490144543711572537037115828047E-0032
          16                   941  2.316690469756252688614209083623069E-0032
          16                   942  1.085204185493601179073640010262953E-0032
          16                   943  4.126777297513690581952941578041383E-0032
          16                   944  2.667132747077265462011350123710700E-0032
          16                   945  6.530164691379446118861760761171878E-0032
          16                   946  1.048055997194769204465480788246953E-0031
          16                   947  6.597919794151378434260055089616353E-0032
          16                   948  1.205686053258140518605728312748780E-0031
          16                   949  4.233903727989518546726086717787259E-0032
          16                   950  3.897138030579385312462477679763317E-0032
          16                   951  1.996821267101237451322253121738240E-0032
          16                   952  1.392486044300131530705910835133975E-0032
          16                   953  3.923657376603933608372651655222920E-0032
          16                   954  1.139112340323992356131052802695039E-0031
          16                   955  5.129641833946685959461225693314499E-0032
          16                   956  7.290465029622604543418670933206742E-0032
          16                   957  1.102445048953912471018045677137552E-0031
          16                   958  2.393807322673166536234005752107073E-0032
          16                   959  2.750950352977332477872399851923424E-0032
          16                   960  1.466249248179793533566883076256162E-0031
          16                   961  3.988177640960858705525342921755859E-0032
          16                   962  1.076827519343524156458185030805605E-0031
          16                   963  4.032361526160749547763415448230935E-0032
          16                   964  2.487886637169380847231486309475523E-0032
          16                   965  2.008937181965238473186771168080069E-0032
          16                   966  1.378547755537071267333444747393361E-0032
          16                   967  2.793068305905798347119875635461737E-0032
          16                   968  4.652241926431319986973117377077050E-0032
          16                   969  2.589671594642766875143958349097546E-0032
          16                   970  9.461179752367290335297823142388404E-0032
          16                   971  5.000951750316770758264015492541428E-0032
          16                   972  4.146143767545308369677291774035667E-0032
          16                   973  2.622505483764485963600093109712163E-0032
          16                   974  2.536794068259673279524161914099905E-0032
          16                   975  4.386842853012609583255966191415682E-0032
          16                   976  2.262476751965140674938265696766433E-0032
          16                   977  1.102431316324880945257757821290909E-0031
          16                   978  4.923876832486516527810911110061081E-0032
          16                   979  8.121320612698554439460977968206287E-0032
          16                   980  3.214475914666488227006199251368802E-0032
          16                   981  4.708752353596631785609355026444202E-0032
          16                   982  9.061160926641350403923020001753965E-0032
          16                   983  3.280945199338722633296019402415373E-0032
          16                   984  1.603705669246156355967334750354002E-0032
          16                   985  6.952223914334249524302274620774975E-0032
          16                   986  1.881034415017883864359945274718669E-0032
          16                   987  5.099443508915892616471111670218366E-0032
          16                   988  3.308016656394537017228048707862367E-0032
          16                   989  6.674240452345969135990417979431782E-0032
          16                   990  6.534021435534887326137092936938579E-0032
          16                   991  5.520544943597888336430919273945697E-0032
          16                   992  4.453312285538956635248708359216125E-0032
          16                   993  1.489584255629103074235289371513707E-0031
          16                   994  7.470397081713758167381239445068066E-0032
          16                   995  1.241795332205826892948244544217735E-0032
          16                   996  9.519833623424107163529416648344398E-0033
          16                   997  2.182375358079054277738466660515196E-0032
          16                   998  3.970681288838093634833684719715218E-0032
          16                   999  3.009302325547882955331546250583343E-0032
          16                  1000  2.782225838401926508804251758043911E-0032
